lastAccountName: WhiteOG
timestamps:
  login: 1624624165967
  logout: 1624626108254
ipAddress: 25.107.68.124
money: '362.150000000000000000000000000005'
lastlocation:
  world: world
  x: -616.6020722021683
  y: 122.0
  z: 159.11805370046602
  yaw: -84.15759
  pitch: 8.233073
logoutlocation:
  world: world
  x: -1161.300000011921
  y: 62.0
  z: -1495.0225594084334
  yaw: 255.9158
  pitch: -60.43927
