lastAccountName: Zytia
timestamps:
  login: 1623877704598
  logout: 1623878808289
  lastteleport: 1623862239897
ipAddress: 25.84.122.64
lastlocation:
  world: world
  x: 1383.9997309583657
  y: 73.0
  z: 1348.9031385226563
  yaw: 146.4232
  pitch: 25.049353
logoutlocation:
  world: world
  x: -785.3000000119209
  y: 68.0
  z: -1226.699999988079
  yaw: 207.3961
  pitch: 24.57875
