lastAccountName: Zytia
timestamps:
  login: 1624624892383
  logout: 1624625967861
  lastteleport: 1624625805358
ipAddress: 25.84.122.64
lastlocation:
  world: world
  x: 1177.8428042026533
  y: 69.0
  z: -203.32065690369572
  yaw: -146.87325
  pitch: 15.899677
logoutlocation:
  world: world
  x: 1444.569756931185
  y: 78.61628933403054
  z: -399.92714136344927
  yaw: -308.61902
  pitch: 29.200453
money: '13484.7500000000000'
homes:
  home:
    world: world
    x: -784.6325293318375
    y: 69.0
    z: -1139.4612984139337
    yaw: 13.893362
    pitch: 20.077835
afk: false
