lastAccountName: Test1
timestamps:
  login: 1624377485485
  logout: 1624377615259
ipAddress: 25.84.122.64
money: '0.0'
logoutlocation:
  world: world
  x: -10.221059437902412
  y: 64.0
  z: -45.409170077009705
  yaw: 220.76843
  pitch: 29.245638
