lastlocation:
  world: world_hub
  x: 668.3465710639701
  y: 28.0
  z: 113.02815166527002
  yaw: 3.074614
  pitch: 17.400002
lastAccountName: zere2011
timestamps:
  login: 1617545076699
  logout: 1617545082516
ipAddress: 95.82.126.144
logoutlocation:
  world: world_hub
  x: 670.5
  y: 28.0
  z: 113.5
  yaw: 90.75003
  pitch: 3.4500413
