lastlocation:
  world: world_hub
  x: 668.3465710639701
  y: 28.0
  z: 113.02815166527002
  yaw: 6.172363
  pitch: 17.400002
lastAccountName: ARCHIPRO777
timestamps:
  login: 1617527025503
  logout: 1617527340603
ipAddress: 77.93.115.136
logoutlocation:
  world: world_hub
  x: 667.9046758292089
  y: 28.0
  z: 115.32981400378857
  yaw: -117.60246
  pitch: 3.4500442
