lastlocation:
  world: world_hub
  x: 668.3465710639701
  y: 28.0
  z: 113.02815166527002
  yaw: 2.8602717
  pitch: 17.400002
lastAccountName: howozbe59
timestamps:
  login: 1616844739842
  logout: 1616844752597
ipAddress: 91.246.213.104
logoutlocation:
  world: world_hub
  x: 670.5
  y: 28.0
  z: 113.5
  yaw: 90.75003
  pitch: 3.4500413
