lastlocation:
  world: world_hub
  x: 668.3465710639701
  y: 28.0
  z: 113.02815166527002
  yaw: 3.5375748
  pitch: 17.400002
lastAccountName: ludafi
timestamps:
  login: 1616845889137
  logout: 1616845902651
ipAddress: 103.220.207.242
logoutlocation:
  world: world_hub
  x: 670.5
  y: 28.0
  z: 113.5
  yaw: 90.75003
  pitch: 3.4500413
