lastlocation:
  world: world_hub
  x: 668.3465710639701
  y: 28.0
  z: 113.02815166527002
  yaw: 3.8520713
  pitch: 17.400002
lastAccountName: jxojecalnu
timestamps:
  login: 1616842806046
  logout: 1616842813180
ipAddress: 185.81.106.52
logoutlocation:
  world: world_hub
  x: 670.5
  y: 28.0
  z: 113.5
  yaw: 90.75003
  pitch: 3.4500413
