lastlocation:
  world: world_hub
  x: 668.3465710639701
  y: 28.0
  z: 113.02815166527002
  yaw: 0.7876347
  pitch: 17.400002
lastAccountName: wdagaxa
timestamps:
  login: 1616849412903
  logout: 1616849418053
ipAddress: 178.212.64.52
logoutlocation:
  world: world_hub
  x: 670.5
  y: 28.0
  z: 113.5
  yaw: 90.75003
  pitch: 3.4500413
