lastAccountName: Kseon005
timestamps:
  login: 1617392744038
  logout: 1617392757677
ipAddress: 188.170.84.7
lastlocation:
  world: world_hub
  x: 668.3465710639701
  y: 28.0
  z: 113.02815166527002
  yaw: 88.7995
  pitch: 17.400002
logoutlocation:
  world: world_hub
  x: 670.5
  y: 28.0
  z: 113.5
  yaw: 242.85013
  pitch: -15.149935
