lastlocation:
  world: world_hub
  x: 668.3465710639701
  y: 28.0
  z: 113.02815166527002
  yaw: 4.3908153
  pitch: 17.400002
lastAccountName: max
timestamps:
  login: 1617809242333
  logout: 1617809255412
ipAddress: 176.124.162.74
logoutlocation:
  world: world_hub
  x: 670.0697888553883
  y: 28.0
  z: 113.49770750974157
  yaw: 90.150024
  pitch: 5.4000425
