lastlocation:
  world: world_hub
  x: 563.2903024984746
  y: 25.0
  z: 56.31674517074111
  yaw: 53.675266
  pitch: 8.358239
lastAccountName: Ankoru
timestamps:
  login: 1616780179959
  logout: 1616780713871
  lastteleport: 1616780665777
ipAddress: 94.25.224.6
logoutlocation:
  world: NetherCraft
  x: -250.6160686055113
  y: 72.5
  z: 11.921205887527343
  yaw: -169.05875
  pitch: 7.5396514
