lastlocation:
  world: world_hub
  x: 668.3465710639701
  y: 28.0
  z: 113.02815166527002
  yaw: 3.3383625
  pitch: 17.400002
lastAccountName: valorant_top
timestamps:
  login: 1617992236685
  logout: 1617992358667
ipAddress: 212.55.79.195
logoutlocation:
  world: world_hub
  x: 664.3087484785043
  y: 28.0
  z: 112.87793348063794
  yaw: -91.55809
  pitch: -11.008868
