lastlocation:
  world: world_hub
  x: 668.3465710639701
  y: 28.0
  z: 113.02815166527002
  yaw: 0.066789694
  pitch: 17.400002
lastAccountName: Mr_Nay
timestamps:
  login: 1616797829630
  logout: 1616798158950
ipAddress: 85.173.72.99
logoutlocation:
  world: world_hub
  x: 408.12492573995553
  y: 31.0
  z: 84.17514265982743
  yaw: -131.5521
  pitch: 29.700022
