lastlocation:
  world: NetherCraft
  x: -258.37450269724286
  y: 72.5
  z: 18.39553412281772
  yaw: 66.30002
  pitch: 8.249989
lastAccountName: LimntreXFeeD
timestamps:
  login: 1617982845456
  lastteleport: 1617983037259
  kits:
    tools: 1617983355730
  logout: 1617983433364
ipAddress: 93.189.201.169
logoutlocation:
  world: NetherCraft
  x: 233.30348814678962
  y: 68.0
  z: 354.89567662977333
  yaw: 254.39952
  pitch: 33.00003
