lastlocation:
  world: world_hub
  x: 668.3465710639701
  y: 28.0
  z: 113.02815166527002
  yaw: 5.9811025
  pitch: 17.400002
lastAccountName: Zhapazhaxba
timestamps:
  login: 1616843559198
  logout: 1616843565313
ipAddress: 23.129.64.213
logoutlocation:
  world: world_hub
  x: 670.5
  y: 28.0
  z: 113.5
  yaw: 90.75003
  pitch: 3.4500413
