lastAccountName: PlaySiks
timestamps:
  login: 1617621398707
  logout: 1617621545706
ipAddress: 37.21.172.28
lastlocation:
  world: world_hub
  x: 668.3465710639701
  y: 28.0
  z: 113.02815166527002
  yaw: 88.7995
  pitch: 17.400002
logoutlocation:
  world: world_hub
  x: 663.0402138320327
  y: 11.0
  z: 10.39278117307623
  yaw: -255.2956
  pitch: -10.949822
