lastlocation:
  world: world_hub
  x: 668.3465710639701
  y: 28.0
  z: 113.02815166527002
  yaw: 0.3392407
  pitch: 17.400002
lastAccountName: Vzekaka
timestamps:
  login: 1616848372011
  logout: 1616848385998
ipAddress: 91.197.135.106
logoutlocation:
  world: world_hub
  x: 670.5
  y: 28.0
  z: 113.5
  yaw: 90.75003
  pitch: 3.4500413
