lastlocation:
  world: world_hub
  x: 668.3465710639701
  y: 28.0
  z: 113.02815166527002
  yaw: 4.1993747
  pitch: 17.400002
lastAccountName: tunuvuno
timestamps:
  login: 1616844974666
  logout: 1616844981178
ipAddress: 88.255.106.29
logoutlocation:
  world: world_hub
  x: 670.5
  y: 28.0
  z: 113.5
  yaw: 90.75003
  pitch: 3.4500413
