lastlocation:
  world: world_hub
  x: 668.3465710639701
  y: 28.0
  z: 113.02815166527002
  yaw: 4.226896
  pitch: 17.400002
lastAccountName: Lxevimkeko
timestamps:
  login: 1616850165802
  logout: 1616850172700
ipAddress: 118.172.47.97
logoutlocation:
  world: world_hub
  x: 670.5
  y: 28.0
  z: 113.5
  yaw: 90.75003
  pitch: 3.4500413
