lastlocation:
  world: world_hub
  x: 668.3465710639701
  y: 28.0
  z: 113.02815166527002
  yaw: 3.211345
  pitch: 17.400002
lastAccountName: topqoxza
timestamps:
  login: 1616847632102
  logout: 1616847637396
ipAddress: 117.196.232.190
logoutlocation:
  world: world_hub
  x: 670.5
  y: 28.0
  z: 113.5
  yaw: 90.75003
  pitch: 3.4500413
