lastlocation:
  world: world_hub
  x: 668.3465710639701
  y: 28.0
  z: 113.02815166527002
  yaw: 2.982088
  pitch: 17.400002
lastAccountName: Waynnex
timestamps:
  login: 1617979910570
  logout: 1617979946557
ipAddress: 109.195.212.81
logoutlocation:
  world: world_hub
  x: 621.3612327662509
  y: 22.0
  z: 89.04630379096267
  yaw: -195.00671
  pitch: 2.9073577
