lastlocation:
  world: world_hub
  x: 668.3465710639701
  y: 28.0
  z: 113.02815166527002
  yaw: 2.646084
  pitch: 17.400002
lastAccountName: tefzutelu
timestamps:
  login: 1616850602803
  logout: 1616850615932
ipAddress: 203.189.154.61
logoutlocation:
  world: world_hub
  x: 670.5
  y: 28.0
  z: 113.5
  yaw: 90.75003
  pitch: 3.4500413
