lastAccountName: xd_sasori
timestamps:
  login: 1617095019422
  logout: 1617095049272
ipAddress: 176.59.193.153
lastlocation:
  world: world_hub
  x: 668.3465710639701
  y: 28.0
  z: 113.02815166527002
  yaw: 88.7995
  pitch: 17.400002
logoutlocation:
  world: world_hub
  x: 670.0049184287587
  y: 28.0
  z: 113.59198072050005
  yaw: 81.01534
  pitch: 27.944763
