lastlocation:
  world: world_hub
  x: 668.3465710639701
  y: 28.0
  z: 113.02815166527002
  yaw: 4.315221
  pitch: 17.400002
lastAccountName: kot_232904
timestamps:
  login: 1617201308864
  logout: 1617201338476
ipAddress: 5.165.3.153
logoutlocation:
  world: world_hub
  x: 652.3875015522045
  y: 25.0
  z: 111.70789303815701
  yaw: 120.75006
  pitch: 17.550013
