lastlocation:
  world: world_hub
  x: 668.3465710639701
  y: 28.0
  z: 113.02815166527002
  yaw: 4.851069
  pitch: 17.400002
lastAccountName: Maxim15634
timestamps:
  login: 1617717283238
  logout: 1617717312851
ipAddress: 176.124.162.74
logoutlocation:
  world: world_hub
  x: 670.3619539522258
  y: 28.0
  z: 113.3876405128284
  yaw: 87.44997
  pitch: 12.600057
