lastlocation:
  world: NetherCraft
  x: -731.6485044874207
  y: 87.66963643391486
  z: 1553.9814770976216
  yaw: -206.97943
  pitch: 26.550104
lastAccountName: Rivgad
timestamps:
  login: 1618412537471
  lastteleport: 1618413553475
  kits:
    starter: 1616873948629
    tools: 1616873958282
    dibbyk: 1618414896505
  logout: 1618415757819
ipAddress: 94.180.166.59
homes:
  home:
    world: NetherCraft
    x: -1232.4937946067425
    y: 64.0
    z: 1702.3183699987017
    yaw: -270.54285
    pitch: 22.950548
logoutlocation:
  world: NetherCraft
  x: -1228.0946922013059
  y: 64.5625
  z: 1705.6399552735988
  yaw: -226.94336
  pitch: 13.649717
money: '173.5575000000000006'
