lastlocation:
  world: world_hub
  x: 668.3465710639701
  y: 28.0
  z: 113.02815166527002
  yaw: 3.8584871
  pitch: 17.400002
lastAccountName: hcizeki
timestamps:
  login: 1616850447212
  logout: 1616850452548
ipAddress: 212.115.232.79
logoutlocation:
  world: world_hub
  x: 670.5
  y: 28.0
  z: 113.5
  yaw: 90.75003
  pitch: 3.4500413
