lastAccountName: AYEbalbes
timestamps:
  login: 1611956763665
  logout: 1611956780072
ipAddress: 25.63.182.29
lastlocation:
  world: world_hub
  x: 550.5
  y: 28.0
  z: 101.5
  yaw: 1.4411488
  pitch: 0.0
logoutlocation:
  world: world_hub
  x: 555.5
  y: 28.0
  z: 93.5
  yaw: 100.049995
  pitch: 15.449992
