lastlocation:
  world: NetherCraft2
  x: -550.1106867971557
  y: 67.5
  z: -556.1624237714389
  yaw: 129.30548
  pitch: 40.35004
lastAccountName: irnest_top_228
timestamps:
  login: 1617209350202
  logout: 1617210656996
  lastteleport: 1617210581526
ipAddress: 213.230.84.124
logoutlocation:
  world: world_hub
  x: 625.3940318615646
  y: 23.0
  z: 113.9963821840452
  yaw: 254.69914
  pitch: 42.300014
