lastlocation:
  world: world_hub
  x: 668.3465710639701
  y: 28.0
  z: 113.02815166527002
  yaw: 3.700033
  pitch: 17.400002
lastAccountName: DenPrusak2011
timestamps:
  login: 1617973826706
  logout: 1617973856548
ipAddress: 178.69.55.184
logoutlocation:
  world: world_hub
  x: 670.5
  y: 28.0
  z: 113.5
  yaw: 95.55001
  pitch: 4.500038
