lastAccountName: misha98312
timestamps:
  login: 1617347156403
  logout: 1617347223604
ipAddress: 46.73.65.28
lastlocation:
  world: world_hub
  x: 668.3465710639701
  y: 28.0
  z: 113.02815166527002
  yaw: 88.7995
  pitch: 17.400002
logoutlocation:
  world: NetherCraft
  x: -255.00130900557912
  y: 72.0
  z: 65.75822917581634
  yaw: -12.750581
  pitch: 31.637722
