lastlocation:
  world: world_hub
  x: 668.3465710639701
  y: 28.0
  z: 113.02815166527002
  yaw: 5.8321724
  pitch: 17.400002
lastAccountName: vavguna
timestamps:
  login: 1616848651781
  logout: 1616848658102
ipAddress: 150.129.170.13
logoutlocation:
  world: world_hub
  x: 670.5
  y: 28.0
  z: 113.5
  yaw: 90.75003
  pitch: 3.4500413
