lastlocation:
  world: world_hub
  x: 668.3465710639701
  y: 28.0
  z: 113.02815166527002
  yaw: 3.9051511
  pitch: 17.400002
lastAccountName: Zopotuvi
timestamps:
  login: 1616847539002
  logout: 1616847545517
ipAddress: 45.6.228.178
logoutlocation:
  world: world_hub
  x: 670.5
  y: 28.0
  z: 113.5
  yaw: 90.75003
  pitch: 3.4500413
