lastAccountName: Lizecia
timestamps:
  login: 1617723765647
  logout: 1617725547211
  kits:
    starter: 1617724318562
    tools: 1617724314324
    food: 1617724300938
  lastteleport: 1617724391559
ipAddress: 80.234.114.222
lastlocation:
  world: NetherCraft3
  x: 356.91498146541846
  y: 70.0
  z: -80.39384978555181
  yaw: 262.04794
  pitch: 5.549834
logoutlocation:
  world: world_hub
  x: 665.001227709549
  y: 28.0
  z: 113.56579248261428
  yaw: -93.44849
  pitch: 2.70001
money: '500.0'
