lastlocation:
  world: world_hub
  x: 668.3465710639701
  y: 28.0
  z: 113.02815166527002
  yaw: 1.5854516
  pitch: 17.400002
lastAccountName: kacepxegdi
timestamps:
  login: 1616843885781
  logout: 1616843889729
ipAddress: 103.123.234.50
logoutlocation:
  world: world_hub
  x: 670.5
  y: 28.0
  z: 113.5
  yaw: 90.75003
  pitch: 3.4500413
