lastlocation:
  world: world_hub
  x: 668.3465710639701
  y: 28.0
  z: 113.02815166527002
  yaw: 0.071907826
  pitch: 17.400002
lastAccountName: Fwagihefwa
timestamps:
  login: 1616850617438
  logout: 1616850623948
ipAddress: 181.225.65.106
logoutlocation:
  world: world_hub
  x: 670.5
  y: 28.0
  z: 113.5
  yaw: 90.75003
  pitch: 3.4500413
