lastlocation:
  world: world_hub
  x: 668.3465710639701
  y: 28.0
  z: 113.02815166527002
  yaw: 4.276974
  pitch: 17.400002
lastAccountName: qqezeralo
timestamps:
  login: 1616848312374
  logout: 1616848326997
ipAddress: 103.76.188.2
logoutlocation:
  world: world_hub
  x: 670.5
  y: 28.0
  z: 113.5
  yaw: 90.75003
  pitch: 3.4500413
