lastlocation:
  world: world_hub
  x: 668.3465710639701
  y: 28.0
  z: 113.02815166527002
  yaw: 3.9061854
  pitch: 17.400002
lastAccountName: xurori
timestamps:
  login: 1616849277557
  logout: 1616849284147
ipAddress: 181.129.51.147
logoutlocation:
  world: world_hub
  x: 670.5
  y: 28.0
  z: 113.5
  yaw: 90.75003
  pitch: 3.4500413
