lastlocation:
  world: world_hub
  x: 668.3465710639701
  y: 28.0
  z: 113.02815166527002
  yaw: 2.2761877
  pitch: 17.400002
lastAccountName: kikirre
timestamps:
  login: 1616845354510
  logout: 1616845368396
ipAddress: 187.62.191.3
logoutlocation:
  world: world_hub
  x: 670.5
  y: 28.0
  z: 113.5
  yaw: 90.75003
  pitch: 3.4500413
