lastlocation:
  world: world_hub
  x: 668.3465710639701
  y: 28.0
  z: 113.02815166527002
  yaw: 2.4395995
  pitch: 17.400002
lastAccountName: Hkuhkufi
timestamps:
  login: 1616845286538
  logout: 1616845299851
ipAddress: 118.97.191.233
logoutlocation:
  world: world_hub
  x: 670.5
  y: 28.0
  z: 113.5
  yaw: 90.75003
  pitch: 3.4500413
