lastlocation:
  world: world_hub
  x: 668.3465710639701
  y: 28.0
  z: 113.02815166527002
  yaw: 0.5870047
  pitch: 17.400002
lastAccountName: pcizojne
timestamps:
  login: 1616844861362
  logout: 1616844868149
ipAddress: 118.175.93.103
logoutlocation:
  world: world_hub
  x: 670.5
  y: 28.0
  z: 113.5
  yaw: 90.75003
  pitch: 3.4500413
