lastlocation:
  world: world_hub
  x: 668.3465710639701
  y: 28.0
  z: 113.02815166527002
  yaw: 4.9660068
  pitch: 17.400002
lastAccountName: iwnociw
timestamps:
  login: 1616779098372
  logout: 1616779458768
ipAddress: 217.118.78.113
logoutlocation:
  world: world_hub
  x: 858.495625641736
  y: 73.0
  z: 6.883453685354418
  yaw: 148.32812
  pitch: 51.51426
