lastlocation:
  world: world_hub
  x: 668.3465710639701
  y: 28.0
  z: 113.02815166527002
  yaw: 3.199372
  pitch: 17.400002
lastAccountName: gagage413
timestamps:
  login: 1616845790349
  logout: 1616845796446
ipAddress: 70.185.68.155
logoutlocation:
  world: world_hub
  x: 670.5
  y: 28.0
  z: 113.5
  yaw: 90.75003
  pitch: 3.4500413
