lastlocation:
  world: world_hub
  x: 671.637354288847
  y: 28.0
  z: 110.37633324713816
  yaw: -309.97498
  pitch: 5.0433645
lastAccountName: swat1x
timestamps:
  login: 1616848653409
  lastteleport: 1616848771842
  logout: 1616849209297
ipAddress: 109.252.129.71
logoutlocation:
  world: world_hub
  x: 738.3000000119209
  y: 41.0
  z: 78.81436795925723
  yaw: -272.69702
  pitch: 16.610945
