lastlocation:
  world: world_hub
  x: 668.3465710639701
  y: 28.0
  z: 113.02815166527002
  yaw: 0.63609
  pitch: 17.400002
lastAccountName: zsoletu681
timestamps:
  login: 1616843665481
  logout: 1616843676962
ipAddress: 72.206.181.123
logoutlocation:
  world: world_hub
  x: 670.5
  y: 28.0
  z: 113.5
  yaw: 90.75003
  pitch: 3.4500413
