lastlocation:
  world: world_hub
  x: 668.3465710639701
  y: 28.0
  z: 113.02815166527002
  yaw: 2.2343538
  pitch: 17.400002
lastAccountName: madara_2
timestamps:
  login: 1617631055510
  logout: 1617631178066
ipAddress: 92.37.143.230
logoutlocation:
  world: NetherCraft3
  x: 347.20788486330076
  y: 70.5
  z: -111.5455156862332
  yaw: 163.65031
  pitch: 39.44989
