lastlocation:
  world: world_hub
  x: 668.3465710639701
  y: 28.0
  z: 113.02815166527002
  yaw: 3.6075041
  pitch: 17.400002
lastAccountName: vibepawi
timestamps:
  login: 1616842929595
  logout: 1616842941655
ipAddress: 70.83.103.34
logoutlocation:
  world: world_hub
  x: 670.5
  y: 28.0
  z: 113.5
  yaw: 90.75003
  pitch: 3.4500413
