lastlocation:
  world: world_hub
  x: 668.3465710639701
  y: 28.0
  z: 113.02815166527002
  yaw: 4.213516
  pitch: 17.400002
lastAccountName: zriyacu216
timestamps:
  login: 1616847243346
  logout: 1616847257043
ipAddress: 103.199.153.6
logoutlocation:
  world: world_hub
  x: 670.5
  y: 28.0
  z: 113.5
  yaw: 90.75003
  pitch: 3.4500413
