lastlocation:
  world: world_hub
  x: 668.3465710639701
  y: 28.0
  z: 113.02815166527002
  yaw: 1.0514232
  pitch: 17.400002
lastAccountName: Bozesi
timestamps:
  login: 1616845944355
  logout: 1616845957850
ipAddress: 23.129.64.253
logoutlocation:
  world: world_hub
  x: 670.5
  y: 28.0
  z: 113.5
  yaw: 90.75003
  pitch: 3.4500413
