lastlocation:
  world: world_hub
  x: 668.3465710639701
  y: 28.0
  z: 113.02815166527002
  yaw: 3.7478266
  pitch: 17.400002
lastAccountName: duvseyela
timestamps:
  login: 1616845492162
  logout: 1616845504596
ipAddress: 190.185.126.139
logoutlocation:
  world: world_hub
  x: 670.5
  y: 28.0
  z: 113.5
  yaw: 90.75003
  pitch: 3.4500413
