lastlocation:
  world: world_hub
  x: 668.3465710639701
  y: 28.0
  z: 113.02815166527002
  yaw: 0.9142297
  pitch: 17.400002
lastAccountName: lluftiriri
timestamps:
  login: 1616849445918
  logout: 1616849452454
ipAddress: 179.107.62.102
logoutlocation:
  world: world_hub
  x: 670.5
  y: 28.0
  z: 113.5
  yaw: 90.75003
  pitch: 3.4500413
