lastlocation:
  world: world_hub
  x: 668.3465710639701
  y: 28.0
  z: 113.02815166527002
  yaw: 3.059689
  pitch: 17.400002
lastAccountName: Hz_kto_ya
timestamps:
  login: 1618322145358
  logout: 1618322404309
ipAddress: 176.210.245.226
logoutlocation:
  world: NetherCraft
  x: -197.33024147351253
  y: 71.79673560066871
  z: 38.01394493690716
  yaw: -99.750084
  pitch: 22.200033
