lastlocation:
  world: world_hub
  x: 668.3465710639701
  y: 28.0
  z: 113.02815166527002
  yaw: 5.8378153
  pitch: 17.400002
lastAccountName: mxeqtudada
timestamps:
  login: 1616848878722
  logout: 1616848888199
ipAddress: 24.249.199.14
logoutlocation:
  world: world_hub
  x: 670.5
  y: 28.0
  z: 113.5
  yaw: 90.75003
  pitch: 3.4500413
