lastlocation:
  world: world_hub
  x: 668.3465710639701
  y: 28.0
  z: 113.02815166527002
  yaw: 2.723025
  pitch: 17.400002
lastAccountName: ABAMA_WIN
timestamps:
  login: 1617646515130
  logout: 1617649303313
ipAddress: 92.252.218.235
logoutlocation:
  world: NetherCraft
  x: -789.3358490808761
  y: 64.0
  z: -363.4416324944946
  yaw: -236.04927
  pitch: 16.464695
