lastAccountName: norixx
timestamps:
  login: 1617737136422
  lastteleport: 1617738173133
  kits:
    starter: 1617737344868
    tools: 1617737355423
    food: 1617738095378
  logout: 1617739008482
ipAddress: 188.244.133.95
lastlocation:
  world: NetherCraft
  x: -244.01502470452363
  y: 65.24918707874468
  z: -41.613411686525644
  yaw: 250.19986
  pitch: 4.8000464
logoutlocation:
  world: NetherCraft
  x: -470.3011980142267
  y: 62.0
  z: 187.65335648747603
  yaw: 168.83984
  pitch: 26.55006
