lastlocation:
  world: world_hub
  x: 668.3465710639701
  y: 28.0
  z: 113.02815166527002
  yaw: 0.7072059
  pitch: 17.400002
lastAccountName: Simvaho
timestamps:
  login: 1616846318182
  logout: 1616846323947
ipAddress: 41.76.157.202
logoutlocation:
  world: world_hub
  x: 670.5
  y: 28.0
  z: 113.5
  yaw: 90.75003
  pitch: 3.4500413
