lastlocation:
  world: world_hub
  x: 668.3465710639701
  y: 28.0
  z: 113.02815166527002
  yaw: 3.9649193
  pitch: 17.400002
lastAccountName: Scezlamesce483
timestamps:
  login: 1616844276525
  logout: 1616844284304
ipAddress: 186.227.220.82
logoutlocation:
  world: world_hub
  x: 670.5
  y: 28.0
  z: 113.5
  yaw: 90.75003
  pitch: 3.4500413
