lastlocation:
  world: world_hub
  x: 668.3465710639701
  y: 28.0
  z: 113.02815166527002
  yaw: 0.09572412
  pitch: 17.400002
lastAccountName: nutetraza569
timestamps:
  login: 1616850188718
  logout: 1616850200846
ipAddress: 200.27.18.138
logoutlocation:
  world: world_hub
  x: 670.5
  y: 28.0
  z: 113.5
  yaw: 90.75003
  pitch: 3.4500413
