lastlocation:
  world: world_hub
  x: 668.3465710639701
  y: 28.0
  z: 113.02815166527002
  yaw: 4.5041223
  pitch: 17.400002
lastAccountName: fgamubipo430
timestamps:
  login: 1616848777163
  logout: 1616848792652
ipAddress: 185.164.109.209
logoutlocation:
  world: world_hub
  x: 670.5
  y: 28.0
  z: 113.5
  yaw: 90.75003
  pitch: 3.4500413
