lastlocation:
  world: world_hub
  x: 668.3465710639701
  y: 28.0
  z: 113.02815166527002
  yaw: 4.7608457
  pitch: 17.400002
lastAccountName: forexpi
timestamps:
  login: 1616844921282
  logout: 1616844937949
ipAddress: 45.129.56.200
logoutlocation:
  world: world_hub
  x: 670.5
  y: 28.0
  z: 113.5
  yaw: 90.75003
  pitch: 3.4500413
