lastlocation:
  world: NetherCraft
  x: -841.8678855660172
  y: 33.0
  z: -498.6756237565372
  yaw: 281.82425
  pitch: 37.350296
lastAccountName: steronso
timestamps:
  login: 1616989430600
  logout: 1616989819961
  kits:
    starter: 1616776697933
  lastteleport: 1616938517046
ipAddress: 5.136.196.105
logoutlocation:
  world: NetherCraft
  x: -822.1392037905277
  y: 32.0
  z: -475.0139633154259
  yaw: 238.92328
  pitch: 31.500397
homes:
  home:
    world: NetherCraft
    x: -826.8416081966265
    y: 34.0
    z: -475.9164590687403
    yaw: 209.22362
    pitch: 25.500046
