lastlocation:
  world: world_hub
  x: 668.3465710639701
  y: 28.0
  z: 113.02815166527002
  yaw: 1.7271321
  pitch: 17.400002
lastAccountName: Egorka_rolka
timestamps:
  login: 1616854577329
  logout: 1616854607137
ipAddress: 109.248.3.27
logoutlocation:
  world: world_hub
  x: 670.0075921747808
  y: 28.0
  z: 113.46737717533425
  yaw: 93.299934
  pitch: 31.950039
