lastlocation:
  world: world_hub
  x: 668.3465710639701
  y: 28.0
  z: 113.02815166527002
  yaw: 5.204909
  pitch: 17.400002
lastAccountName: Zetlerosi
timestamps:
  login: 1616842916010
  logout: 1616842920196
ipAddress: 106.242.5.206
logoutlocation:
  world: world_hub
  x: 670.5
  y: 28.0
  z: 113.5
  yaw: 90.75003
  pitch: 3.4500413
