lastlocation:
  world: NetherCraft
  x: -255.2050032092218
  y: 72.0
  z: 25.885185773512255
  yaw: 133.5
  pitch: 9.6
lastAccountName: Paradise628
timestamps:
  login: 1616874270113
  logout: 1616874950869
  lastteleport: 1616874779212
ipAddress: 171.33.254.222
logoutlocation:
  world: world_hub
  x: 504.7197993962437
  y: 29.0
  z: 115.16828366727016
  yaw: 12.900224
  pitch: 13.499913
