lastlocation:
  world: world_hub
  x: 668.3465710639701
  y: 28.0
  z: 113.02815166527002
  yaw: 2.9772532
  pitch: 17.400002
lastAccountName: _eGorka_
timestamps:
  login: 1617529963913
  logout: 1617530705959
  kits:
    starter: 1617530098549
ipAddress: 176.102.26.205
logoutlocation:
  world: NetherCraft
  x: -299.10896927873813
  y: 60.0
  z: -67.98371280868781
  yaw: -222.08441
  pitch: -12.15007
