lastlocation:
  world: NetherCraft2
  x: -564.5476791663535
  y: 67.0
  z: -553.9597124437075
  yaw: 91.781685
  pitch: 16.501102
lastAccountName: Fiw
timestamps:
  login: 1618153462614
  logout: 1618155350158
  lastteleport: 1618153486558
ipAddress: 31.135.45.170
logoutlocation:
  world: NetherCraft2
  x: -518.3077470052019
  y: 67.5
  z: -528.3546429713381
  yaw: 198.23828
  pitch: 39.466644
