lastlocation:
  world: world_hub
  x: 668.3465710639701
  y: 28.0
  z: 113.02815166527002
  yaw: 0.3603265
  pitch: 17.400002
lastAccountName: welodqoyu
timestamps:
  login: 1616846450399
  logout: 1616846462507
ipAddress: 101.255.135.233
logoutlocation:
  world: world_hub
  x: 670.5
  y: 28.0
  z: 113.5
  yaw: 90.75003
  pitch: 3.4500413
