lastlocation:
  world: world_hub
  x: 668.3465710639701
  y: 28.0
  z: 113.02815166527002
  yaw: 4.2421064
  pitch: 17.400002
lastAccountName: outsider
timestamps:
  login: 1617092742553
  logout: 1617092751977
ipAddress: 178.129.99.73
logoutlocation:
  world: world_hub
  x: 670.0698051660429
  y: 28.0
  z: 113.49616669038923
  yaw: 126.450005
  pitch: 8.700043
