lastlocation:
  world: world_hub
  x: 668.3465710639701
  y: 28.0
  z: 113.02815166527002
  yaw: 1.8890986
  pitch: 17.400002
lastAccountName: lhilhilaro
timestamps:
  login: 1616846463546
  logout: 1616846471330
ipAddress: 178.215.163.218
logoutlocation:
  world: world_hub
  x: 670.5
  y: 28.0
  z: 113.5
  yaw: 90.75003
  pitch: 3.4500413
