lastlocation:
  world: world_hub
  x: 668.3465710639701
  y: 28.0
  z: 113.02815166527002
  yaw: 4.0079775
  pitch: 17.400002
lastAccountName: tokaki
timestamps:
  login: 1616847005866
  logout: 1616847012135
ipAddress: 36.89.10.51
logoutlocation:
  world: world_hub
  x: 670.5
  y: 28.0
  z: 113.5
  yaw: 90.75003
  pitch: 3.4500413
