lastlocation:
  world: world_hub
  x: 668.3465710639701
  y: 28.0
  z: 113.02815166527002
  yaw: 2.599747
  pitch: 17.400002
lastAccountName: Jejeje221
timestamps:
  login: 1616844214341
  logout: 1616844227196
ipAddress: 89.222.132.31
logoutlocation:
  world: world_hub
  x: 670.5
  y: 28.0
  z: 113.5
  yaw: 90.75003
  pitch: 3.4500413
