lastlocation:
  world: world_hub
  x: 668.3465710639701
  y: 28.0
  z: 113.02815166527002
  yaw: 0.102141686
  pitch: 17.400002
lastAccountName: sqerkira
timestamps:
  login: 1616847179706
  logout: 1616847192742
ipAddress: 213.101.151.4
logoutlocation:
  world: world_hub
  x: 670.5
  y: 28.0
  z: 113.5
  yaw: 90.75003
  pitch: 3.4500413
