lastlocation:
  world: world_hub
  x: 668.3465710639701
  y: 28.0
  z: 113.02815166527002
  yaw: 0.11833984
  pitch: 17.400002
lastAccountName: xGroza
timestamps:
  login: 1617553609734
  logout: 1617553957059
  kits:
    starter: 1617553833057
    tools: 1617553847085
    food: 1617553821322
ipAddress: 176.103.0.2
logoutlocation:
  world: NetherCraft
  x: -260.6510766441472
  y: 72.5
  z: 51.877357679268925
  yaw: -202.01634
  pitch: 45.843513
