lastlocation:
  world: world_hub
  x: 668.3465710639701
  y: 28.0
  z: 113.02815166527002
  yaw: 1.4046872
  pitch: 17.400002
lastAccountName: fafaje
timestamps:
  login: 1616847577630
  logout: 1616847590797
ipAddress: 218.24.16.198
logoutlocation:
  world: world_hub
  x: 670.5
  y: 28.0
  z: 113.5
  yaw: 90.75003
  pitch: 3.4500413
