lastlocation:
  world: world_hub
  x: 668.3465710639701
  y: 28.0
  z: 113.02815166527002
  yaw: 0.3862154
  pitch: 17.400002
lastAccountName: hhohunosi
timestamps:
  login: 1616844364322
  logout: 1616844376036
ipAddress: 178.255.171.236
logoutlocation:
  world: world_hub
  x: 670.5
  y: 28.0
  z: 113.5
  yaw: 90.75003
  pitch: 3.4500413
