lastlocation:
  world: world_hub
  x: 668.3465710639701
  y: 28.0
  z: 113.02815166527002
  yaw: 5.5486093
  pitch: 17.400002
lastAccountName: Tovletuqyo
timestamps:
  login: 1616846050058
  logout: 1616846057852
ipAddress: 72.217.216.239
logoutlocation:
  world: world_hub
  x: 670.5
  y: 28.0
  z: 113.5
  yaw: 90.75003
  pitch: 3.4500413
