lastAccountName: Pizdosi
timestamps:
  login: 1617202710860
  logout: 1617212867135
  lastteleport: 1617212756668
  kits:
    starter: 1617133084104
    tools: 1617133109572
    dibbyk: 1617202750664
    food: 1617208804861
ipAddress: 46.39.51.94
lastlocation:
  world: NetherCraft
  x: -695.85357358994
  y: 71.70207303002063
  z: 24.335101853701754
  yaw: 353.19916
  pitch: 26.10002
logoutlocation:
  world: NetherCraft
  x: -796.3741504110749
  y: 68.0
  z: -217.69441736104324
  yaw: -280.14624
  pitch: -12.000247
homes:
  home:
    world: NetherCraft
    x: -811.4488343368312
    y: 69.0
    z: -230.75849685222522
    yaw: -162.09637
    pitch: 29.399761
money: '1347.67834999999999027'
