lastlocation:
  world: world_hub
  x: 668.3465710639701
  y: 28.0
  z: 113.02815166527002
  yaw: 1.3156254
  pitch: 17.400002
lastAccountName: hejuci
timestamps:
  login: 1616848858560
  logout: 1616848874181
ipAddress: 124.41.240.203
logoutlocation:
  world: world_hub
  x: 670.5
  y: 28.0
  z: 113.5
  yaw: 90.75003
  pitch: 3.4500413
