lastlocation:
  world: world_hub
  x: 668.3465710639701
  y: 28.0
  z: 113.02815166527002
  yaw: 5.7560463
  pitch: 17.400002
lastAccountName: gonpune
timestamps:
  login: 1616849594166
  logout: 1616849610446
ipAddress: 98.178.72.8
logoutlocation:
  world: world_hub
  x: 670.5
  y: 28.0
  z: 113.5
  yaw: 90.75003
  pitch: 3.4500413
