lastlocation:
  world: world_hub
  x: 668.3465710639701
  y: 28.0
  z: 113.02815166527002
  yaw: 2.6371658
  pitch: 17.400002
lastAccountName: koqwuko
timestamps:
  login: 1616847743602
  logout: 1616847749646
ipAddress: 78.110.154.177
logoutlocation:
  world: world_hub
  x: 670.5
  y: 28.0
  z: 113.5
  yaw: 90.75003
  pitch: 3.4500413
