lastlocation:
  world: world_hub
  x: 668.3465710639701
  y: 28.0
  z: 113.02815166527002
  yaw: 0.8765824
  pitch: 17.400002
lastAccountName: AlphaSmoke27
timestamps:
  login: 1617948254998
  logout: 1617948284666
ipAddress: 37.79.42.44
logoutlocation:
  world: world_hub
  x: 670.5
  y: 28.0
  z: 113.5
  yaw: 90.75003
  pitch: 3.4500413
