lastlocation:
  world: world_hub
  x: 668.3465710639701
  y: 28.0
  z: 113.02815166527002
  yaw: 5.8617725
  pitch: 17.400002
lastAccountName: nukorejqi
timestamps:
  login: 1616845535692
  logout: 1616845541511
ipAddress: 62.94.192.101
logoutlocation:
  world: world_hub
  x: 670.5
  y: 28.0
  z: 113.5
  yaw: 90.75003
  pitch: 3.4500413
