lastlocation:
  world: world_hub
  x: 668.3465710639701
  y: 28.0
  z: 113.02815166527002
  yaw: 4.0017757
  pitch: 17.400002
lastAccountName: kuxofi103
timestamps:
  login: 1616847600466
  logout: 1616847614286
ipAddress: 185.22.31.226
logoutlocation:
  world: world_hub
  x: 670.5
  y: 28.0
  z: 113.5
  yaw: 90.75003
  pitch: 3.4500413
