lastAccountName: VanTV20
timestamps:
  login: 1617962384327
  kits:
    starter: 1617963251690
  logout: 1617963295810
ipAddress: 78.85.48.102
lastlocation:
  world: world_hub
  x: 668.3465710639701
  y: 28.0
  z: 113.02815166527002
  yaw: 88.7995
  pitch: 17.400002
money: '500.0'
logoutlocation:
  world: NetherCraft
  x: -269.32191477344537
  y: 72.0
  z: 16.452504601983392
  yaw: 81.45002
  pitch: 2.5500212
