lastlocation:
  world: world_hub
  x: 668.3465710639701
  y: 28.0
  z: 113.02815166527002
  yaw: 2.3198645
  pitch: 17.400002
lastAccountName: Lorgighomqe
timestamps:
  login: 1616845139614
  logout: 1616845146066
ipAddress: 184.185.2.103
logoutlocation:
  world: world_hub
  x: 670.5
  y: 28.0
  z: 113.5
  yaw: 90.75003
  pitch: 3.4500413
