lastlocation:
  world: world_hub
  x: 668.3465710639701
  y: 28.0
  z: 113.02815166527002
  yaw: 3.8571675
  pitch: 17.400002
lastAccountName: pololcewse
timestamps:
  login: 1616844688518
  logout: 1616844702249
ipAddress: 62.133.136.75
logoutlocation:
  world: world_hub
  x: 670.5
  y: 28.0
  z: 113.5
  yaw: 90.75003
  pitch: 3.4500413
