lastlocation:
  world: world_hub
  x: 668.3465710639701
  y: 28.0
  z: 113.02815166527002
  yaw: 3.3060732
  pitch: 17.400002
lastAccountName: irasa
timestamps:
  login: 1617223196778
  logout: 1617223290181
ipAddress: 81.163.184.6
logoutlocation:
  world: world_hub
  x: 378.30000001192093
  y: 21.49520087700591
  z: 204.69999998807907
  yaw: 55.649406
  pitch: 23.849995
