lastlocation:
  world: world_hub
  x: 668.3465710639701
  y: 28.0
  z: 113.02815166527002
  yaw: 5.940855
  pitch: 17.400002
lastAccountName: merbejwo
timestamps:
  login: 1616849515230
  logout: 1616849529434
ipAddress: 94.188.42.232
logoutlocation:
  world: world_hub
  x: 670.5
  y: 28.0
  z: 113.5
  yaw: 90.75003
  pitch: 3.4500413
