lastlocation:
  world: world_hub
  x: 668.3465710639701
  y: 28.0
  z: 113.02815166527002
  yaw: 4.3712215
  pitch: 17.400002
lastAccountName: wgujabe
timestamps:
  login: 1616843690695
  logout: 1616843704649
ipAddress: 184.178.172.18
logoutlocation:
  world: world_hub
  x: 670.5
  y: 28.0
  z: 113.5
  yaw: 90.75003
  pitch: 3.4500413
