lastlocation:
  world: world_hub
  x: 668.3465710639701
  y: 28.0
  z: 113.02815166527002
  yaw: 3.5378306
  pitch: 17.400002
lastAccountName: tnikgowduta
timestamps:
  login: 1616846211622
  logout: 1616846223752
ipAddress: 79.106.229.51
logoutlocation:
  world: world_hub
  x: 670.5
  y: 28.0
  z: 113.5
  yaw: 90.75003
  pitch: 3.4500413
