lastlocation:
  world: NetherCraft
  x: -612.4272768021655
  y: 80.94433912851838
  z: -217.28077794530975
  yaw: 105.44662
  pitch: 28.499977
lastAccountName: pirozho4eg
timestamps:
  login: 1618414686168
  logout: 1618416796097
  kits:
    starter: 1616775749636
    laraye: 1616939437534
    tools: 1616775769990
    dibbyk: 1616939356107
    food: 1616775760960
  lastteleport: 1618411014816
  command-cooldowns: []
  lastheal: 1616956983106
ipAddress: 178.34.160.103
logoutlocation:
  world: NetherCraft
  x: -777.8497773759844
  y: 59.0
  z: -335.112574238083
  yaw: -328.94153
  pitch: 14.099643
homes:
  home:
    world: NetherCraft
    x: -779.3379229697649
    y: 65.0625
    z: -338.8467145100248
    yaw: 11.699997
    pitch: 37.799957
money: '785.63249999999991370'
