lastlocation:
  world: world_hub
  x: 668.3465710639701
  y: 28.0
  z: 113.02815166527002
  yaw: 5.6819816
  pitch: 17.400002
lastAccountName: ChopardYT
timestamps:
  login: 1617559475594
  logout: 1617560945017
ipAddress: 62.33.194.50
logoutlocation:
  world: world_hub
  x: 498.076699350938
  y: 21.0
  z: -83.62265924261192
  yaw: 246.90102
  pitch: 13.200125
