lastlocation:
  world: world_hub
  x: 668.3465710639701
  y: 28.0
  z: 113.02815166527002
  yaw: 1.2706093
  pitch: 17.400002
lastAccountName: Bot1
timestamps:
  login: 1618090412459
  logout: 1618090442859
ipAddress: 98.162.96.41
logoutlocation:
  world: world_hub
  x: 670.5
  y: 28.0
  z: 113.5
  yaw: 90.75003
  pitch: 3.4500413
