lastlocation:
  world: NetherCraft
  x: -821.5844071576183
  y: 72.24918707874468
  z: -237.53427269868703
  yaw: 278.6173
  pitch: 89.81713
lastAccountName: 9_XTO_A
timestamps:
  login: 1617815237700
  lastteleport: 1617815978335
  logout: 1617816442356
ipAddress: 2.57.96.154
logoutlocation:
  world: NetherCraft
  x: -867.006533486676
  y: 70.0
  z: -238.6221266180189
  yaw: -213.41974
  pitch: -6.7367125
