lastAccountName: RuslanMiner228
timestamps:
  login: 1616779877891
  lastteleport: 1616784324967
  logout: 1616785503575
  kits:
    starter: 1616776649692
    tools: 1616776660895
    food: 1616776656748
ipAddress: 193.33.241.164
lastlocation:
  world: world_hub
  x: 664.0051428847264
  y: 28.0
  z: 114.28974957924784
  yaw: 83.09919
  pitch: 8.184935
logoutlocation:
  world: world_hub
  x: 670.6332341916385
  y: 28.0
  z: 111.21075825688733
  yaw: -260.67578
  pitch: 8.550156
homes:
  home:
    world: NetherCraft
    x: -797.1873832456542
    y: 63.0
    z: -370.0754315323192
    yaw: -37.835728
    pitch: 6.600072
