lastlocation:
  world: world_hub
  x: 668.3465710639701
  y: 28.0
  z: 113.02815166527002
  yaw: 2.0581038
  pitch: 17.400002
lastAccountName: loginshadow_YT
timestamps:
  login: 1616842781758
  logout: 1616842850948
ipAddress: 178.204.251.80
logoutlocation:
  world: world_hub
  x: 649.0024992699116
  y: 25.0
  z: 113.28953067174189
  yaw: -254.81714
  pitch: 10.251017
