lastlocation:
  world: world_hub
  x: 668.3465710639701
  y: 28.0
  z: 113.02815166527002
  yaw: 5.140057
  pitch: 17.400002
lastAccountName: yascescekze
timestamps:
  login: 1616843663934
  logout: 1616843693200
ipAddress: 166.70.207.2
logoutlocation:
  world: world_hub
  x: 670.5
  y: 28.0
  z: 113.5
  yaw: 90.75003
  pitch: 3.4500413
