lastlocation:
  world: NetherCraft2
  x: -331.50466989528036
  y: 14.001335979112149
  z: 9.95218048476524
  yaw: 38.800415
  pitch: 20.259108
lastAccountName: ivalin12341
timestamps:
  login: 1617527369990
  logout: 1617530924058
  kits:
    starter: 1617527435920
    tools: 1617527454886
    food: 1617527447729
  lastteleport: 1617529812564
ipAddress: 188.233.16.77
logoutlocation:
  world: NetherCraft2
  x: -562.0824056390891
  y: 67.5
  z: -592.0076531282889
  yaw: 288.7738
  pitch: 27.610086
