lastlocation:
  world: world_hub
  x: 668.3465710639701
  y: 28.0
  z: 113.02815166527002
  yaw: 0.4898298
  pitch: 17.400002
lastAccountName: Dimasonka570
timestamps:
  login: 1618299545202
  logout: 1618299883181
ipAddress: 171.33.248.200
logoutlocation:
  world: world_hub
  x: 203.94239445743855
  y: 35.0
  z: 12.79573208039022
  yaw: -172.65675
  pitch: 29.399977
