lastlocation:
  world: world_hub
  x: 668.3465710639701
  y: 28.0
  z: 113.02815166527002
  yaw: 2.7770965
  pitch: 17.400002
lastAccountName: '76_57'
timestamps:
  login: 1617905164042
  logout: 1617905338757
ipAddress: 178.155.6.231
logoutlocation:
  world: world_hub
  x: 699.2877027736886
  y: 27.0
  z: 85.42205236287069
  yaw: -22.406864
  pitch: 84.470375
