lastlocation:
  world: world_hub
  x: 668.3465710639701
  y: 28.0
  z: 113.02815166527002
  yaw: 5.716655
  pitch: 17.400002
lastAccountName: Cawado354
timestamps:
  login: 1616844003237
  logout: 1616844017030
ipAddress: 210.10.220.54
logoutlocation:
  world: world_hub
  x: 670.5
  y: 28.0
  z: 113.5
  yaw: 90.75003
  pitch: 3.4500413
