lastAccountName: 4haz2k
timestamps:
  login: 1612544047133
  logout: 1612544073595
ipAddress: 25.84.122.64
lastlocation:
  world: world_hub
  x: 555.0
  y: 28.0
  z: 93.0
  yaw: 0.0
  pitch: 0.0
logoutlocation:
  world: world_hub
  x: 555.508720030596
  y: 28.0
  z: 93.9870992991491
  yaw: -33.75001
  pitch: 15.3
