lastlocation:
  world: world_hub
  x: 668.3465710639701
  y: 28.0
  z: 113.02815166527002
  yaw: 5.140885
  pitch: 17.400002
lastAccountName: Hawraqa
timestamps:
  login: 1616843340404
  logout: 1616843352980
ipAddress: 180.183.26.88
logoutlocation:
  world: world_hub
  x: 670.5
  y: 28.0
  z: 113.5
  yaw: 90.75003
  pitch: 3.4500413
