lastlocation:
  world: world_hub
  x: 668.3465710639701
  y: 28.0
  z: 113.02815166527002
  yaw: 0.07382248
  pitch: 17.400002
lastAccountName: jekaigroman
timestamps:
  login: 1618327959902
  logout: 1618327967949
ipAddress: 31.40.184.94
logoutlocation:
  world: world_hub
  x: 567.8411533256705
  y: 27.0
  z: 151.0695701168837
  yaw: -236.8516
  pitch: 15.750103
