lastlocation:
  world: world_hub
  x: 668.3465710639701
  y: 28.0
  z: 113.02815166527002
  yaw: 5.2230997
  pitch: 17.400002
lastAccountName: seyvodnomci
timestamps:
  login: 1616849013987
  logout: 1616849031448
ipAddress: 27.147.217.194
logoutlocation:
  world: world_hub
  x: 670.5
  y: 28.0
  z: 113.5
  yaw: 90.75003
  pitch: 3.4500413
