lastlocation:
  world: world_hub
  x: 668.3465710639701
  y: 28.0
  z: 113.02815166527002
  yaw: 2.011674
  pitch: 17.400002
lastAccountName: _HiNaTa_SE
timestamps:
  login: 1617720385106
  logout: 1617720727238
  kits:
    starter: 1617720614049
    tools: 1617720628970
    food: 1617720623491
ipAddress: 88.147.153.139
logoutlocation:
  world: NetherCraft
  x: -274.8075614138992
  y: 66.0
  z: -82.50928099864396
  yaw: 211.79779
  pitch: 9.750099
