lastlocation:
  world: world_hub
  x: 668.3465710639701
  y: 28.0
  z: 113.02815166527002
  yaw: 2.374221
  pitch: 17.400002
lastAccountName: fotipebdi
timestamps:
  login: 1616849709744
  logout: 1616849735712
ipAddress: 117.28.254.143
logoutlocation:
  world: world_hub
  x: 670.5
  y: 28.0
  z: 113.5
  yaw: 90.75003
  pitch: 3.4500413
