lastlocation:
  world: world_hub
  x: 668.3465710639701
  y: 28.0
  z: 113.02815166527002
  yaw: 1.7666116
  pitch: 17.400002
lastAccountName: pisslord
timestamps:
  login: 1618126627075
  logout: 1618126656360
ipAddress: 212.13.160.236
logoutlocation:
  world: world_hub
  x: 670.0479479628034
  y: 28.0
  z: 113.49693335233042
  yaw: 105.30004
  pitch: 0.15004082
