lastlocation:
  world: world_hub
  x: 668.3465710639701
  y: 28.0
  z: 113.02815166527002
  yaw: 1.101697
  pitch: 17.400002
lastAccountName: Bot14
timestamps:
  login: 1618089879545
  logout: 1618089909224
ipAddress: 5.189.67.19
logoutlocation:
  world: world_hub
  x: 670.5
  y: 28.0
  z: 113.5
  yaw: 90.75003
  pitch: 3.4500413
