lastlocation:
  world: world_hub
  x: 668.3465710639701
  y: 28.0
  z: 113.02815166527002
  yaw: 4.803344
  pitch: 17.400002
lastAccountName: fofinufo
timestamps:
  login: 1616845219534
  logout: 1616845248717
ipAddress: 78.94.129.66
logoutlocation:
  world: world_hub
  x: 670.5
  y: 28.0
  z: 113.5
  yaw: 90.75003
  pitch: 3.4500413
