lastlocation:
  world: world_hub
  x: 668.3465710639701
  y: 28.0
  z: 113.02815166527002
  yaw: 0.7416386
  pitch: 17.400002
lastAccountName: DenPRO77
timestamps:
  login: 1617783323443
  logout: 1617783483050
ipAddress: 46.242.120.107
logoutlocation:
  world: NetherCraft
  x: -254.4627681690067
  y: 72.5
  z: 15.722985932299931
  yaw: 30.14987
  pitch: 16.499958
