lastlocation:
  world: world_hub
  x: 668.3465710639701
  y: 28.0
  z: 113.02815166527002
  yaw: 5.6848755
  pitch: 17.400002
lastAccountName: qmeteqme813
timestamps:
  login: 1616843986736
  logout: 1616844000447
ipAddress: 1.20.171.227
logoutlocation:
  world: world_hub
  x: 670.5
  y: 28.0
  z: 113.5
  yaw: 90.75003
  pitch: 3.4500413
