lastAccountName: Huxuyna
timestamps:
  login: 1616847292060
  logout: 1616847305447
ipAddress: 103.95.48.73
lastlocation:
  world: world_hub
  x: 668.3465710639701
  y: 28.0
  z: 113.02815166527002
  yaw: 1.807117
  pitch: 17.400002
logoutlocation:
  world: world_hub
  x: 670.5
  y: 28.0
  z: 113.5
  yaw: 90.75003
  pitch: 3.4500413
