lastlocation:
  world: NetherCraft
  x: -72.87485298062863
  y: 61.14703905843254
  z: -407.85248594816994
  yaw: 199.19128
  pitch: 6.7503304
lastAccountName: Kepler197
timestamps:
  login: 1617428536109
  logout: 1617428699173
  lastteleport: 1617428552408
  kits:
    starter: 1617259852994
    food: 1617424681790
ipAddress: 37.146.122.209
logoutlocation:
  world: NetherCraft
  x: -801.0199706787299
  y: 69.0
  z: -213.2696543928113
  yaw: 267.83975
  pitch: 14.248655
money: '1394.0412500000000124'
