lastlocation:
  world: world_hub
  x: 668.3465710639701
  y: 28.0
  z: 113.02815166527002
  yaw: 3.2939346
  pitch: 17.400002
lastAccountName: lyukiwtezfi
timestamps:
  login: 1616848329432
  logout: 1616848337147
ipAddress: 194.31.133.17
logoutlocation:
  world: world_hub
  x: 670.5
  y: 28.0
  z: 113.5
  yaw: 90.75003
  pitch: 3.4500413
