lastlocation:
  world: world_hub
  x: 668.3465710639701
  y: 28.0
  z: 113.02815166527002
  yaw: 1.001649
  pitch: 17.400002
lastAccountName: DOMINATOR2010A
timestamps:
  login: 1618294939587
  logout: 1618295036576
ipAddress: 92.125.136.3
logoutlocation:
  world: NetherCraft
  x: -256.5974767867626
  y: 72.0
  z: 67.40433224670781
  yaw: 14.399799
  pitch: 1.7999215
