lastlocation:
  world: world_hub
  x: 668.3465710639701
  y: 28.0
  z: 113.02815166527002
  yaw: 0.24757093
  pitch: 17.400002
lastAccountName: Lesugi
timestamps:
  login: 1616847243335
  logout: 1616847255803
ipAddress: 1.20.100.227
logoutlocation:
  world: world_hub
  x: 670.5
  y: 28.0
  z: 113.5
  yaw: 90.75003
  pitch: 3.4500413
