lastlocation:
  world: world_hub
  x: 668.3465710639701
  y: 28.0
  z: 113.02815166527002
  yaw: 5.8451953
  pitch: 17.400002
lastAccountName: kinirbo
timestamps:
  login: 1616847426778
  logout: 1616847440431
ipAddress: 88.255.102.22
logoutlocation:
  world: world_hub
  x: 670.5
  y: 28.0
  z: 113.5
  yaw: 90.75003
  pitch: 3.4500413
