lastlocation:
  world: world_hub
  x: 668.3465710639701
  y: 28.0
  z: 113.02815166527002
  yaw: 1.1975424
  pitch: 17.400002
lastAccountName: kikozo
timestamps:
  login: 1616843184846
  logout: 1616843199157
ipAddress: 5.199.138.8
logoutlocation:
  world: world_hub
  x: 670.5
  y: 28.0
  z: 113.5
  yaw: 90.75003
  pitch: 3.4500413
