lastlocation:
  world: world_hub
  x: 668.3465710639701
  y: 28.0
  z: 113.02815166527002
  yaw: 3.1628053
  pitch: 17.400002
lastAccountName: revodsosze
timestamps:
  login: 1616848912104
  logout: 1616848917546
ipAddress: 213.226.11.149
logoutlocation:
  world: world_hub
  x: 670.5
  y: 28.0
  z: 113.5
  yaw: 90.75003
  pitch: 3.4500413
