lastlocation:
  world: world_hub
  x: 668.3465710639701
  y: 28.0
  z: 113.02815166527002
  yaw: 1.7734147
  pitch: 17.400002
lastAccountName: pavukpashaa
timestamps:
  login: 1617901707238
  logout: 1617901832260
ipAddress: 80.92.16.176
logoutlocation:
  world: world_hub
  x: 644.4613679135293
  y: 25.0
  z: 113.11776874528307
  yaw: 306.75058
  pitch: 0.300053
