lastlocation:
  world: world_hub
  x: 668.3465710639701
  y: 28.0
  z: 113.02815166527002
  yaw: 3.457911
  pitch: 17.400002
lastAccountName: diqrifaze
timestamps:
  login: 1616850106740
  logout: 1616850113598
ipAddress: 200.54.183.234
logoutlocation:
  world: world_hub
  x: 670.5
  y: 28.0
  z: 113.5
  yaw: 90.75003
  pitch: 3.4500413
