lastlocation:
  world: world_hub
  x: 668.3465710639701
  y: 28.0
  z: 113.02815166527002
  yaw: 3.770994
  pitch: 17.400002
lastAccountName: Waghere
timestamps:
  login: 1616847327430
  logout: 1616847340597
ipAddress: 31.28.241.117
logoutlocation:
  world: world_hub
  x: 670.5
  y: 28.0
  z: 113.5
  yaw: 90.75003
  pitch: 3.4500413
