lastlocation:
  world: world_hub
  x: 668.3465710639701
  y: 28.0
  z: 113.02815166527002
  yaw: 5.2669907
  pitch: 17.400002
lastAccountName: itachi_Uchia
timestamps:
  login: 1617543840166
  logout: 1617543870062
ipAddress: 185.63.217.154
logoutlocation:
  world: world_hub
  x: 670.0730905458281
  y: 28.0
  z: 113.55336078722871
  yaw: 114.94337
  pitch: 44.841045
