lastlocation:
  world: NetherCraft
  x: -787.7959281307359
  y: 64.0
  z: -360.18761072775476
  yaw: -236.40408
  pitch: 59.73441
lastAccountName: MrAndeYT
timestamps:
  login: 1616934299956
  lastteleport: 1616940627042
  logout: 1616940835494
  kits:
    starter: 1616937054476
    tools: 1616937007201
ipAddress: 93.170.65.65
logoutlocation:
  world: NetherCraft
  x: -834.3000000119209
  y: 68.0
  z: -311.64480837907934
  yaw: 1.2323555
  pitch: 14.959108
money: '746.8500000000000018'
homes:
  home:
    world: NetherCraft
    x: -787.7959281307359
    y: 64.0
    z: -360.18761072775476
    yaw: -236.40408
    pitch: 59.73441
