lastlocation:
  world: world_hub
  x: 668.3465710639701
  y: 28.0
  z: 113.02815166527002
  yaw: 3.5279438
  pitch: 17.400002
lastAccountName: pesxazjuhki541
timestamps:
  login: 1616844889520
  logout: 1616844904151
ipAddress: 1.1.247.36
logoutlocation:
  world: world_hub
  x: 670.5
  y: 28.0
  z: 113.5
  yaw: 90.75003
  pitch: 3.4500413
