lastlocation:
  world: world_hub
  x: 668.3465710639701
  y: 28.0
  z: 113.02815166527002
  yaw: 5.9157524
  pitch: 17.400002
lastAccountName: qosoqyinpi
timestamps:
  login: 1616847512262
  logout: 1616847518948
ipAddress: 90.183.158.50
logoutlocation:
  world: world_hub
  x: 670.5
  y: 28.0
  z: 113.5
  yaw: 90.75003
  pitch: 3.4500413
