lastlocation:
  world: world_hub
  x: 668.3465710639701
  y: 28.0
  z: 113.02815166527002
  yaw: 5.993454
  pitch: 17.400002
lastAccountName: dgybadyba
timestamps:
  login: 1617048144293
  logout: 1617048527427
ipAddress: 95.54.133.144
logoutlocation:
  world: world_hub
  x: 946.098243647741
  y: 38.0
  z: 75.30000001192093
  yaw: -245.40012
  pitch: -11.55001
