lastlocation:
  world: world_hub
  x: 668.3465710639701
  y: 28.0
  z: 113.02815166527002
  yaw: 4.755549
  pitch: 17.400002
lastAccountName: cadevo
timestamps:
  login: 1616850531410
  logout: 1616850541402
ipAddress: 46.253.39.142
logoutlocation:
  world: world_hub
  x: 670.5
  y: 28.0
  z: 113.5
  yaw: 90.75003
  pitch: 3.4500413
