lastlocation:
  world: world_hub
  x: 668.3465710639701
  y: 28.0
  z: 113.02815166527002
  yaw: 2.8136563
  pitch: 17.400002
lastAccountName: qoqeqofta
timestamps:
  login: 1616849679332
  logout: 1616849705546
ipAddress: 168.197.252.162
logoutlocation:
  world: world_hub
  x: 670.5
  y: 28.0
  z: 113.5
  yaw: 90.75003
  pitch: 3.4500413
