lastlocation:
  world: world_hub
  x: 668.3465710639701
  y: 28.0
  z: 113.02815166527002
  yaw: 0.23181677
  pitch: 17.400002
lastAccountName: KnucklesPlays97
timestamps:
  login: 1618041583598
  logout: 1618041605634
ipAddress: 62.133.162.82
logoutlocation:
  world: world_hub
  x: 670.5
  y: 28.0
  z: 113.5
  yaw: 90.75003
  pitch: 3.4500413
