lastlocation:
  world: world_hub
  x: 668.3465710639701
  y: 28.0
  z: 113.02815166527002
  yaw: 3.1443863
  pitch: 17.400002
lastAccountName: gexly2288
timestamps:
  login: 1617192901655
  kits:
    starter: 1617193319114
    tools: 1617193334940
  logout: 1617194643884
ipAddress: 91.216.61.205
homes:
  home:
    world: NetherCraft
    x: -324.67202019596414
    y: 69.0
    z: 357.1436100812297
    yaw: 119.84359
    pitch: 19.79885
logoutlocation:
  world: NetherCraft
  x: -325.30000001192093
  y: 69.0
  z: 360.67924754316414
  yaw: 185.41809
  pitch: 19.50022
