lastlocation:
  world: world_hub
  x: 668.3465710639701
  y: 28.0
  z: 113.02815166527002
  yaw: 1.9159793
  pitch: 17.400002
lastAccountName: Yeycaycati
timestamps:
  login: 1616850676901
  logout: 1616850680702
ipAddress: 168.121.139.199
logoutlocation:
  world: world_hub
  x: 670.5
  y: 28.0
  z: 113.5
  yaw: 90.75003
  pitch: 3.4500413
