lastlocation:
  world: NetherCraft
  x: -256.92175737212364
  y: 73.0
  z: 18.874520784672082
  yaw: -16.649986
  pitch: 38.10004
lastAccountName: romich0208
timestamps:
  login: 1618211040067
  logout: 1618211227758
  lastteleport: 1618211144810
ipAddress: 92.124.162.41
logoutlocation:
  world: NetherCraft3
  x: 507.24061274706554
  y: 65.0
  z: -128.9374350694452
  yaw: 256.3483
  pitch: 27.299965
