lastlocation:
  world: world_hub
  x: 668.3465710639701
  y: 28.0
  z: 113.02815166527002
  yaw: 4.492257
  pitch: 17.400002
lastAccountName: Bfiraku
timestamps:
  login: 1616844500874
  logout: 1616844511146
ipAddress: 62.182.114.164
logoutlocation:
  world: world_hub
  x: 670.5
  y: 28.0
  z: 113.5
  yaw: 90.75003
  pitch: 3.4500413
