lastlocation:
  world: world_hub
  x: 668.3465710639701
  y: 28.0
  z: 113.02815166527002
  yaw: 3.187128
  pitch: 17.400002
lastAccountName: Rifpopmeju678
timestamps:
  login: 1616845125665
  logout: 1616845137902
ipAddress: 201.220.140.6
logoutlocation:
  world: world_hub
  x: 670.5
  y: 28.0
  z: 113.5
  yaw: 90.75003
  pitch: 3.4500413
