lastlocation:
  world: world_hub
  x: 668.3465710639701
  y: 28.0
  z: 113.02815166527002
  yaw: 4.5159698
  pitch: 17.400002
lastAccountName: wimine
timestamps:
  login: 1616844234493
  logout: 1616844247597
ipAddress: 196.27.127.170
logoutlocation:
  world: world_hub
  x: 670.5
  y: 28.0
  z: 113.5
  yaw: 90.75003
  pitch: 3.4500413
