lastlocation:
  world: world_hub
  x: 668.3465710639701
  y: 28.0
  z: 113.02815166527002
  yaw: 4.790481
  pitch: 17.400002
lastAccountName: qalvonobla
timestamps:
  login: 1616849305758
  logout: 1616849322400
ipAddress: 91.250.61.113
logoutlocation:
  world: world_hub
  x: 670.5
  y: 28.0
  z: 113.5
  yaw: 90.75003
  pitch: 3.4500413
