lastlocation:
  world: world_hub
  x: 668.3465710639701
  y: 28.0
  z: 113.02815166527002
  yaw: 4.8723717
  pitch: 17.400002
lastAccountName: cumimiso309
timestamps:
  login: 1616844591887
  logout: 1616844607101
ipAddress: 174.64.199.82
logoutlocation:
  world: world_hub
  x: 670.5
  y: 28.0
  z: 113.5
  yaw: 90.75003
  pitch: 3.4500413
