lastlocation:
  world: world_hub
  x: 668.3465710639701
  y: 28.0
  z: 113.02815166527002
  yaw: 4.462643
  pitch: 17.400002
lastAccountName: YTDOMER
timestamps:
  login: 1618252128968
  logout: 1618252132884
ipAddress: 31.40.184.94
logoutlocation:
  world: world_hub
  x: 670.0697685979985
  y: 28.0
  z: 113.5
  yaw: 87.90003
  pitch: 38.700024
