lastlocation:
  world: world_hub
  x: 668.3465710639701
  y: 28.0
  z: 113.02815166527002
  yaw: 5.868561
  pitch: 17.400002
lastAccountName: selozco
timestamps:
  login: 1616845772762
  logout: 1616845777450
ipAddress: 187.103.15.54
logoutlocation:
  world: world_hub
  x: 670.5
  y: 28.0
  z: 113.5
  yaw: 90.75003
  pitch: 3.4500413
