lastlocation:
  world: world_hub
  x: 668.3465710639701
  y: 28.0
  z: 113.02815166527002
  yaw: 4.660827
  pitch: 17.400002
lastAccountName: wehoho
timestamps:
  login: 1616848532377
  logout: 1616848547100
ipAddress: 83.103.206.60
logoutlocation:
  world: world_hub
  x: 670.5
  y: 28.0
  z: 113.5
  yaw: 90.75003
  pitch: 3.4500413
