lastlocation:
  world: world_hub
  x: 668.3465710639701
  y: 28.0
  z: 113.02815166527002
  yaw: 5.141427
  pitch: 17.400002
lastAccountName: Lbuhgegsa
timestamps:
  login: 1616850583742
  logout: 1616850589549
ipAddress: 213.108.216.59
logoutlocation:
  world: world_hub
  x: 670.5
  y: 28.0
  z: 113.5
  yaw: 90.75003
  pitch: 3.4500413
