lastlocation:
  world: world_hub
  x: 668.3465710639701
  y: 28.0
  z: 113.02815166527002
  yaw: 2.5916607
  pitch: 17.400002
lastAccountName: mcagbesu162
timestamps:
  login: 1616850011090
  logout: 1616850017012
ipAddress: 195.175.42.18
logoutlocation:
  world: world_hub
  x: 670.5
  y: 28.0
  z: 113.5
  yaw: 90.75003
  pitch: 3.4500413
