lastlocation:
  world: world_hub
  x: 668.3465710639701
  y: 28.0
  z: 113.02815166527002
  yaw: 2.6392808
  pitch: 17.400002
lastAccountName: tbujgohre
timestamps:
  login: 1616846341680
  logout: 1616846348830
ipAddress: 217.58.168.155
logoutlocation:
  world: world_hub
  x: 670.5
  y: 28.0
  z: 113.5
  yaw: 90.75003
  pitch: 3.4500413
