lastlocation:
  world: world_hub
  x: 668.3465710639701
  y: 28.0
  z: 113.02815166527002
  yaw: 2.8134313
  pitch: 17.400002
lastAccountName: SENEKKILL
timestamps:
  login: 1617646462276
  logout: 1617646471823
ipAddress: 89.250.167.140
logoutlocation:
  world: world_hub
  x: 670.5
  y: 28.0
  z: 113.5
  yaw: 120.44621
  pitch: 14.098103
