lastlocation:
  world: world_hub
  x: 547.9483695230504
  y: 28.0
  z: 117.3009571543772
  yaw: -58.3108
  pitch: 14.470281
lastAccountName: YaHeTBoi
timestamps:
  login: 1616844603980
  lastteleport: 1616844740837
  kits:
    starter: 1616844761965
    tools: 1616844766681
  logout: 1616844910149
ipAddress: 89.169.127.59
logoutlocation:
  world: NetherCraft
  x: -257.02642177542174
  y: 72.0
  z: 55.4150412315841
  yaw: -176.13574
  pitch: 13.569816
