lastlocation:
  world: world_hub
  x: 668.3465710639701
  y: 28.0
  z: 113.02815166527002
  yaw: 2.9289494
  pitch: 17.400002
lastAccountName: koyodjipi
timestamps:
  login: 1616845669526
  logout: 1616845682645
ipAddress: 217.169.219.117
logoutlocation:
  world: world_hub
  x: 670.5
  y: 28.0
  z: 113.5
  yaw: 90.75003
  pitch: 3.4500413
