lastlocation:
  world: world_hub
  x: 668.3465710639701
  y: 28.0
  z: 113.02815166527002
  yaw: 0.9505032
  pitch: 17.400002
lastAccountName: MelindA
timestamps:
  login: 1617185683473
  logout: 1617185713174
ipAddress: 95.47.255.9
logoutlocation:
  world: world_hub
  x: 670.5
  y: 28.0
  z: 113.5
  yaw: 90.75003
  pitch: 3.4500413
