lastAccountName: timi
timestamps:
  login: 1617003510475
  logout: 1617003762912
ipAddress: 188.43.21.153
lastlocation:
  world: world_hub
  x: 668.3465710639701
  y: 28.0
  z: 113.02815166527002
  yaw: 88.7995
  pitch: 17.400002
logoutlocation:
  world: NetherCraft3
  x: 398.6107936023474
  y: 63.0
  z: 21.267031445744493
  yaw: 9.900105
  pitch: 22.649803
