lastlocation:
  world: world_hub
  x: 668.3465710639701
  y: 28.0
  z: 113.02815166527002
  yaw: 6.142348
  pitch: 17.400002
lastAccountName: zohexu774
timestamps:
  login: 1616850217788
  logout: 1616850227698
ipAddress: 117.102.86.174
logoutlocation:
  world: world_hub
  x: 670.5
  y: 28.0
  z: 113.5
  yaw: 90.75003
  pitch: 3.4500413
