lastlocation:
  world: world_hub
  x: 638.2664491422104
  y: 27.0625
  z: 76.3000000119209
  yaw: 300.4571
  pitch: 36.899723
lastAccountName: virti
timestamps:
  login: 1618046181226
  logout: 1618046962009
  lastteleport: 1618046906261
ipAddress: 188.190.221.204
logoutlocation:
  world: world_hub
  x: 668.4739437543046
  y: 28.0
  z: 113.02815166527002
  yaw: 99.74961
  pitch: 29.249971
