lastlocation:
  world: world_hub
  x: 668.3465710639701
  y: 28.0
  z: 113.02815166527002
  yaw: 4.692162
  pitch: 17.400002
lastAccountName: Hedviwmo
timestamps:
  login: 1616846646834
  logout: 1616846650330
ipAddress: 112.78.191.254
logoutlocation:
  world: world_hub
  x: 670.5
  y: 28.0
  z: 113.5
  yaw: 90.75003
  pitch: 3.4500413
