lastlocation:
  world: world_hub
  x: 668.3465710639701
  y: 28.0
  z: 113.02815166527002
  yaw: 6.1357703
  pitch: 17.400002
lastAccountName: fizwezweba
timestamps:
  login: 1616843113178
  logout: 1616843125697
ipAddress: 103.132.53.210
logoutlocation:
  world: world_hub
  x: 670.5
  y: 28.0
  z: 113.5
  yaw: 90.75003
  pitch: 3.4500413
