lastAccountName: maxim2021
timestamps:
  login: 1618248427546
  logout: 1618248447246
ipAddress: 176.124.162.97
lastlocation:
  world: world_hub
  x: 668.3465710639701
  y: 28.0
  z: 113.02815166527002
  yaw: 88.7995
  pitch: 17.400002
logoutlocation:
  world: world_hub
  x: 670.0330650752646
  y: 28.0
  z: 113.49601335783913
  yaw: 90.90003
  pitch: 3.6000414
