lastlocation:
  world: world_hub
  x: 668.3465710639701
  y: 28.0
  z: 113.02815166527002
  yaw: 4.599435
  pitch: 17.400002
lastAccountName: Supremmme
timestamps:
  login: 1617038932326
  logout: 1617039140942
ipAddress: 185.210.142.204
logoutlocation:
  world: world_hub
  x: 975.6999999880791
  y: 12.0
  z: 69.81587253722556
  yaw: 207.15073
  pitch: 38.55006
