lastlocation:
  world: world_hub
  x: 668.3465710639701
  y: 28.0
  z: 113.02815166527002
  yaw: 1.134603
  pitch: 17.400002
lastAccountName: 4oxikYT
timestamps:
  login: 1617029570671
  logout: 1617029600342
ipAddress: 46.98.123.182
logoutlocation:
  world: world_hub
  x: 670.5
  y: 28.0
  z: 113.5
  yaw: 90.60001
  pitch: 21.900036
