lastlocation:
  world: world_hub
  x: 668.3465710639701
  y: 28.0
  z: 113.02815166527002
  yaw: 4.79155
  pitch: 17.400002
lastAccountName: lamala13
timestamps:
  login: 1617204613645
  logout: 1617204636112
ipAddress: 176.60.5.241
logoutlocation:
  world: world_hub
  x: 670.5
  y: 28.0
  z: 113.5
  yaw: 83.40001
  pitch: 4.6500425
