lastlocation:
  world: world_hub
  x: 668.3465710639701
  y: 28.0
  z: 113.02815166527002
  yaw: 5.293643
  pitch: 17.400002
lastAccountName: bobby1545121
timestamps:
  login: 1617439597654
  logout: 1617439805470
ipAddress: 94.140.144.33
logoutlocation:
  world: world_hub
  x: 733.3109135699046
  y: 37.0
  z: 82.90290067173531
  yaw: 21.417135
  pitch: 19.418022
