lastlocation:
  world: world_hub
  x: 668.3465710639701
  y: 28.0
  z: 113.02815166527002
  yaw: 5.4320774
  pitch: 17.400002
lastAccountName: nadxodsijpe
timestamps:
  login: 1616842887990
  logout: 1616842900168
ipAddress: 87.254.138.170
logoutlocation:
  world: world_hub
  x: 670.5
  y: 28.0
  z: 113.5
  yaw: 90.75003
  pitch: 3.4500413
