lastlocation:
  world: NetherCraft2
  x: -379.0659915239316
  y: 24.0
  z: 154.95165596700588
  yaw: -128.57002
  pitch: -1.4999176
lastAccountName: FlowerBind
timestamps:
  login: 1617527314073
  logout: 1617530921766
  kits:
    starter: 1617527402531
    tools: 1617527417321
    food: 1617527447111
  lastteleport: 1617530474028
ipAddress: 93.157.255.95
logoutlocation:
  world: NetherCraft2
  x: -556.1168778946566
  y: 67.5
  z: -593.0035623553406
  yaw: 151.65588
  pitch: 36.00001
