lastlocation:
  world: world_hub
  x: 668.3465710639701
  y: 28.0
  z: 113.02815166527002
  yaw: 4.3302655
  pitch: 17.400002
lastAccountName: wexmukatyi997
timestamps:
  login: 1616846588662
  logout: 1616846595295
ipAddress: 186.248.166.170
logoutlocation:
  world: world_hub
  x: 670.5
  y: 28.0
  z: 113.5
  yaw: 90.75003
  pitch: 3.4500413
