lastlocation:
  world: world_hub
  x: 668.3465710639701
  y: 28.0
  z: 113.02815166527002
  yaw: 3.870085
  pitch: 17.400002
lastAccountName: vlanumi
timestamps:
  login: 1616843676678
  logout: 1616843687953
ipAddress: 180.250.190.148
logoutlocation:
  world: world_hub
  x: 670.5
  y: 28.0
  z: 113.5
  yaw: 90.75003
  pitch: 3.4500413
