lastlocation:
  world: world_hub
  x: 668.3465710639701
  y: 28.0
  z: 113.02815166527002
  yaw: 5.9489183
  pitch: 17.400002
lastAccountName: lowal228
timestamps:
  login: 1618318234409
  logout: 1618318250413
ipAddress: 2.135.11.248
logoutlocation:
  world: world_hub
  x: 670.5
  y: 28.0
  z: 113.5
  yaw: 95.24999
  pitch: 6.6000495
