lastlocation:
  world: world_hub
  x: 668.3465710639701
  y: 28.0
  z: 113.02815166527002
  yaw: 0.0360271
  pitch: 17.400002
lastAccountName: jvulala
timestamps:
  login: 1616846689946
  logout: 1616846703509
ipAddress: 45.154.255.147
logoutlocation:
  world: world_hub
  x: 670.5
  y: 28.0
  z: 113.5
  yaw: 90.75003
  pitch: 3.4500413
