lastlocation:
  world: world_hub
  x: 668.3465710639701
  y: 28.0
  z: 113.02815166527002
  yaw: 1.8338311
  pitch: 17.400002
lastAccountName: _Milko_
timestamps:
  login: 1617538273348
  kits:
    starter: 1617531829164
    tools: 1617531837069
    food: 1617531841429
  logout: 1617539672757
ipAddress: 212.3.130.19
logoutlocation:
  world: NetherCraft
  x: -256.5787933946341
  y: 73.0
  z: 17.622037321139327
  yaw: -23.549997
  pitch: 75.749985
