lastlocation:
  world: NetherCraft
  x: -799.1192488343436
  y: 68.0
  z: -208.73695795174254
  yaw: -328.8819
  pitch: 14.700294
lastAccountName: Www
timestamps:
  login: 1617104620163
  logout: 1617109600782
  lastteleport: 1617109599818
  kits:
    starter: 1616786025281
    tools: 1616786005794
    dibbyk: 1616795911762
    food: 1617047156000
ipAddress: 94.242.130.37
logoutlocation:
  world: NetherCraft
  x: -826.5
  y: 73.0
  z: -134.5
  yaw: -107.62784
  pitch: 36.00022
homes:
  home:
    world: NetherCraft
    x: -826.2623374391748
    y: 73.0625
    z: -134.24618176794792
    yaw: -107.62784
    pitch: 36.00022
money: '2515.40200000000002335'
