lastlocation:
  world: world_hub
  x: 668.3465710639701
  y: 28.0
  z: 113.02815166527002
  yaw: 0.4864591
  pitch: 17.400002
lastAccountName: macafa
timestamps:
  login: 1616845720368
  logout: 1616845732700
ipAddress: 92.178.174.247
logoutlocation:
  world: world_hub
  x: 670.5
  y: 28.0
  z: 113.5
  yaw: 90.75003
  pitch: 3.4500413
