lastlocation:
  world: world_hub
  x: 668.3465710639701
  y: 28.0
  z: 113.02815166527002
  yaw: 3.3964667
  pitch: 17.400002
lastAccountName: txozodlo
timestamps:
  login: 1616846628618
  logout: 1616846634248
ipAddress: 88.255.106.27
logoutlocation:
  world: world_hub
  x: 670.5
  y: 28.0
  z: 113.5
  yaw: 90.75003
  pitch: 3.4500413
