lastAccountName: HeroStar10
timestamps:
  login: 1617948234105
  logout: 1617948263819
ipAddress: 37.79.42.44
lastlocation:
  world: world_hub
  x: 668.3465710639701
  y: 28.0
  z: 113.02815166527002
  yaw: 88.7995
  pitch: 17.400002
logoutlocation:
  world: world_hub
  x: 670.5
  y: 28.0
  z: 113.5
  yaw: 90.75003
  pitch: 3.4500413
