lastlocation:
  world: world_hub
  x: 668.3465710639701
  y: 28.0
  z: 113.02815166527002
  yaw: 6.001982
  pitch: 17.400002
lastAccountName: cvunapu
timestamps:
  login: 1616844381252
  logout: 1616844406864
ipAddress: 5.199.138.8
logoutlocation:
  world: world_hub
  x: 670.5
  y: 28.0
  z: 113.5
  yaw: 90.75003
  pitch: 3.4500413
