lastlocation:
  world: world_hub
  x: 668.3465710639701
  y: 28.0
  z: 113.02815166527002
  yaw: 0.1460445
  pitch: 17.400002
lastAccountName: OrisT228
timestamps:
  login: 1617974238122
  logout: 1617974668424
ipAddress: 147.30.126.98
logoutlocation:
  world: world_hub
  x: 268.01280072963266
  y: 40.21589434553872
  z: 108.90808016638448
  yaw: 268.43707
  pitch: 55.661217
