lastlocation:
  world: world_hub
  x: 668.3465710639701
  y: 28.0
  z: 113.02815166527002
  yaw: 4.4555755
  pitch: 17.400002
lastAccountName: xhefebe
timestamps:
  login: 1616843908026
  logout: 1616843914300
ipAddress: 46.33.253.29
logoutlocation:
  world: world_hub
  x: 670.5
  y: 28.0
  z: 113.5
  yaw: 90.75003
  pitch: 3.4500413
