lastlocation:
  world: NetherCraft
  x: -242.95776673297368
  y: 72.0
  z: 15.624835398083402
  yaw: -112.94994
  pitch: 20.999962
lastAccountName: Makin12
timestamps:
  login: 1616863297086
  kits:
    starter: 1616776220114
    tools: 1616776225136
    food: 1616776229398
  logout: 1616864593795
  lastteleport: 1616863338715
ipAddress: 31.23.99.211
logoutlocation:
  world: NetherCraft
  x: -233.13261887553801
  y: 72.0
  z: -0.30307675848887083
  yaw: 73.80005
  pitch: 44.549995
