lastlocation:
  world: NetherCraft
  x: -256.35675990926427
  y: 73.0
  z: 17.109188344230816
  yaw: -116.85043
  pitch: 25.650011
lastAccountName: Iffy_Chan
timestamps:
  login: 1617974330748
  logout: 1617978191315
  lastteleport: 1617209413571
ipAddress: 95.32.13.148
logoutlocation:
  world: NetherCraft
  x: -743.6978852919369
  y: 63.0
  z: -120.61116199285973
  yaw: 108.44947
  pitch: 1.9499756
money: '411.3000000000000058'
