lastlocation:
  world: world_hub
  x: 668.3465710639701
  y: 28.0
  z: 113.02815166527002
  yaw: 1.2532847
  pitch: 17.400002
lastAccountName: kirill227676
timestamps:
  login: 1617098739806
  logout: 1617098743131
ipAddress: 178.155.6.180
logoutlocation:
  world: world_hub
  x: 670.5
  y: 28.0
  z: 113.5
  yaw: 95.549995
  pitch: 47.70008
