lastlocation:
  world: world_hub
  x: 668.3465710639701
  y: 28.0
  z: 113.02815166527002
  yaw: 4.49196
  pitch: 17.400002
lastAccountName: slosloxomu
timestamps:
  login: 1616843750174
  logout: 1616843757596
ipAddress: 213.14.31.122
logoutlocation:
  world: world_hub
  x: 670.5
  y: 28.0
  z: 113.5
  yaw: 90.75003
  pitch: 3.4500413
