lastlocation:
  world: world_hub
  x: 668.3465710639701
  y: 28.0
  z: 113.02815166527002
  yaw: 4.012758
  pitch: 17.400002
lastAccountName: Gihobechi
timestamps:
  login: 1616848071911
  logout: 1616848086052
ipAddress: 98.184.33.205
logoutlocation:
  world: world_hub
  x: 670.5
  y: 28.0
  z: 113.5
  yaw: 90.75003
  pitch: 3.4500413
