lastlocation:
  world: world_hub
  x: 668.3465710639701
  y: 28.0
  z: 113.02815166527002
  yaw: 2.4074485
  pitch: 17.400002
lastAccountName: niniberba
timestamps:
  login: 1616846553558
  logout: 1616846564302
ipAddress: 103.142.164.40
logoutlocation:
  world: world_hub
  x: 670.5
  y: 28.0
  z: 113.5
  yaw: 90.75003
  pitch: 3.4500413
