lastlocation:
  world: world_hub
  x: 668.3465710639701
  y: 28.0
  z: 113.02815166527002
  yaw: 1.5025835
  pitch: 17.400002
lastAccountName: atlet_pf
timestamps:
  login: 1618210587771
  logout: 1618210691707
ipAddress: 176.59.48.95
logoutlocation:
  world: world_hub
  x: 507.13931544502606
  y: 29.121296840539188
  z: 114.45565087682523
  yaw: 83.70328
  pitch: 7.3504996
