lastlocation:
  world: world_hub
  x: 668.3465710639701
  y: 28.0
  z: 113.02815166527002
  yaw: 4.396326
  pitch: 17.400002
lastAccountName: grogar1
timestamps:
  login: 1617562897410
  logout: 1617562995813
ipAddress: 109.200.253.72
logoutlocation:
  world: NetherCraft
  x: -255.38968989925283
  y: 73.0
  z: 16.828799932229394
  yaw: 47.850002
  pitch: 81.75001
