lastlocation:
  world: world_hub
  x: 668.3465710639701
  y: 28.0
  z: 113.02815166527002
  yaw: 6.1434164
  pitch: 17.400002
lastAccountName: qogosu404
timestamps:
  login: 1616847461114
  logout: 1616847474146
ipAddress: 12.218.209.130
logoutlocation:
  world: world_hub
  x: 670.5
  y: 28.0
  z: 113.5
  yaw: 90.75003
  pitch: 3.4500413
