lastlocation:
  world: world_hub
  x: 668.3465710639701
  y: 28.0
  z: 113.02815166527002
  yaw: 2.1659281
  pitch: 17.400002
lastAccountName: sikmagyoqi807
timestamps:
  login: 1616850680392
  logout: 1616850692701
ipAddress: 186.248.175.3
logoutlocation:
  world: world_hub
  x: 670.5
  y: 28.0
  z: 113.5
  yaw: 90.75003
  pitch: 3.4500413
