lastlocation:
  world: world_hub
  x: 668.3465710639701
  y: 28.0
  z: 113.02815166527002
  yaw: 3.9249365
  pitch: 17.400002
lastAccountName: vokdeluli
timestamps:
  login: 1616848386854
  logout: 1616848400685
ipAddress: 191.209.21.52
logoutlocation:
  world: world_hub
  x: 670.5
  y: 28.0
  z: 113.5
  yaw: 90.75003
  pitch: 3.4500413
