lastlocation:
  world: world_hub
  x: 668.3465710639701
  y: 28.0
  z: 113.02815166527002
  yaw: 1.6272954
  pitch: 17.400002
lastAccountName: syapawohdi
timestamps:
  login: 1616848134930
  logout: 1616848143249
ipAddress: 70.166.167.36
logoutlocation:
  world: world_hub
  x: 670.5
  y: 28.0
  z: 113.5
  yaw: 90.75003
  pitch: 3.4500413
