lastlocation:
  world: world_hub
  x: 668.3465710639701
  y: 28.0
  z: 113.02815166527002
  yaw: 2.5730274
  pitch: 17.400002
lastAccountName: Renmicva500
timestamps:
  login: 1616847135734
  logout: 1616847147947
ipAddress: 201.71.225.18
logoutlocation:
  world: world_hub
  x: 670.5
  y: 28.0
  z: 113.5
  yaw: 90.75003
  pitch: 3.4500413
