lastlocation:
  world: world_hub
  x: 668.3465710639701
  y: 28.0
  z: 113.02815166527002
  yaw: 1.3130027
  pitch: 17.400002
lastAccountName: bedxeplife
timestamps:
  login: 1616845929546
  logout: 1616845942452
ipAddress: 131.161.35.20
logoutlocation:
  world: world_hub
  x: 670.5
  y: 28.0
  z: 113.5
  yaw: 90.75003
  pitch: 3.4500413
