lastlocation:
  world: world_hub
  x: 668.3465710639701
  y: 28.0
  z: 113.02815166527002
  yaw: 4.507678
  pitch: 17.400002
lastAccountName: sosiska323
timestamps:
  login: 1616938150106
  logout: 1616938180003
ipAddress: 5.79.136.82
logoutlocation:
  world: world_hub
  x: 670.5
  y: 28.0
  z: 113.5
  yaw: 90.75003
  pitch: 3.4500413
