lastlocation:
  world: world_hub
  x: 540.681251813561
  y: 29.0
  z: 13.216550153060785
  yaw: 195.57387
  pitch: 37.695435
lastAccountName: LouisYT
timestamps:
  login: 1618069004050
  logout: 1618070148814
  lastteleport: 1618069171806
  kits:
    starter: 1618069755088
    tools: 1618069779240
    food: 1618069768253
ipAddress: 5.44.169.212
logoutlocation:
  world: NetherCraft
  x: -36.2680756093537
  y: 64.0
  z: -6.065508583435426
  yaw: -89.977234
  pitch: 3.6331906
