lastlocation:
  world: world_hub
  x: 668.3465710639701
  y: 28.0
  z: 113.02815166527002
  yaw: 2.713915
  pitch: 17.400002
lastAccountName: jjuhada
timestamps:
  login: 1616848636527
  logout: 1616848649956
ipAddress: 188.246.181.50
logoutlocation:
  world: world_hub
  x: 670.5
  y: 28.0
  z: 113.5
  yaw: 90.75003
  pitch: 3.4500413
