lastAccountName: LaraTT
timestamps:
  login: 1617437929246
  logout: 1617438000225
ipAddress: 178.74.207.118
lastlocation:
  world: world_hub
  x: 668.3465710639701
  y: 28.0
  z: 113.02815166527002
  yaw: 88.7995
  pitch: 17.400002
logoutlocation:
  world: world_hub
  x: 692.0420577720412
  y: 27.0
  z: 125.77288136706296
  yaw: 337.0497
  pitch: 28.800013
