lastAccountName: ExoManic
timestamps:
  login: 1618315651370
  logout: 1618315831101
  kits:
    satana: 1616959040133
    starter: 1617975400435
    laraye: 1617042714272
    dibbyk: 1617043118351
    tools: 1616176653567
    food: 1616878309128
  lastteleport: 1617977000902
ipAddress: 94.180.227.166
lastlocation:
  world: NetherCraft
  x: -820.4121529804343
  y: 11.0
  z: -32.30000001192093
  yaw: -27.716187
  pitch: 1.8009002
logoutlocation:
  world: NetherCraft
  x: -2332.8830376071337
  y: 66.0
  z: 1910.1343369982274
  yaw: -112.27643
  pitch: 24.149246
afk: false
money: '100090121.85080000000006679'
nickname: §kA§4Death§kA
powertools:
  stick:
  - thor
homes:
  home:
    world: NetherCraft
    x: -1122.9740176809014
    y: 64.0
    z: 1638.1489474443981
    yaw: 155.02356
    pitch: 27.149385
  home2:
    world: NetherCraft
    x: -828.6658686722772
    y: 77.0
    z: -130.28859352624514
    yaw: 275.42554
    pitch: 17.550528
  zamok:
    world: NetherCraft
    x: -2312.982911338408
    y: 64.0
    z: 1879.8847121611527
    yaw: 93.07327
    pitch: 32.69928
