lastlocation:
  world: world_hub
  x: 668.3465710639701
  y: 28.0
  z: 113.02815166527002
  yaw: 3.3105893
  pitch: 17.400002
lastAccountName: Pozer
timestamps:
  login: 1618303559826
  logout: 1618303857526
  kits:
    tools: 1618303768609
ipAddress: 89.113.141.249
logoutlocation:
  world: NetherCraft
  x: -179.90072395625947
  y: 68.0
  z: 1.5952563824981354
  yaw: 345.44897
  pitch: 13.500074
