lastlocation:
  world: NetherCraft
  x: -243.79752708834556
  y: 71.0
  z: 107.97299987923485
  yaw: -22.800007
  pitch: 19.049984
lastAccountName: Cazzer13
timestamps:
  login: 1617046306494
  logout: 1617046506080
  lastteleport: 1617046467734
  kits:
    starter: 1617046403738
    tools: 1617046416589
    food: 1617046411753
ipAddress: 188.0.169.203
logoutlocation:
  world: world_hub
  x: 704.5980867015023
  y: 21.875
  z: 144.16511384665185
  yaw: 330.45178
  pitch: 33.300003
