lastlocation:
  world: world_hub
  x: 668.3465710639701
  y: 28.0
  z: 113.02815166527002
  yaw: 2.1262026
  pitch: 17.400002
lastAccountName: dibkafvi
timestamps:
  login: 1616846721290
  logout: 1616846733498
ipAddress: 110.74.222.159
logoutlocation:
  world: world_hub
  x: 670.5
  y: 28.0
  z: 113.5
  yaw: 90.75003
  pitch: 3.4500413
