lastlocation:
  world: NetherCraft
  x: -264.19196460977827
  y: 72.0
  z: 35.03263825962961
  yaw: 17.850002
  pitch: 76.350006
lastAccountName: LemonStars6744
timestamps:
  login: 1616844671806
  logout: 1616844729191
ipAddress: 185.57.31.23
logoutlocation:
  world: NetherCraft
  x: -605.0626528403269
  y: 63.0
  z: -474.69999998807907
  yaw: 55.80069
  pitch: 18.450113
