lastlocation:
  world: NetherCraft3
  x: 365.9565545200868
  y: 65.0
  z: -120.4367599394999
  yaw: -268.1268
  pitch: 16.401253
lastAccountName: olh123
timestamps:
  login: 1617715472320
  kits:
    starter: 1617709724592
    tools: 1617715579441
    food: 1617715562759
  logout: 1617715745224
  lastteleport: 1617711412163
  command-cooldowns: []
ipAddress: 90.151.85.218
logoutlocation:
  world: NetherCraft3
  x: 374.54258371978375
  y: 70.0
  z: -83.58185069731482
  yaw: 249.49707
  pitch: 15.798274
