lastlocation:
  world: world_hub
  x: 668.3465710639701
  y: 28.0
  z: 113.02815166527002
  yaw: 0.6370385
  pitch: 17.400002
lastAccountName: Valkiria357
timestamps:
  login: 1617548321789
  logout: 1617548366309
ipAddress: 45.159.16.182
logoutlocation:
  world: world_hub
  x: 670.3399991263673
  y: 28.0
  z: 112.6640681527484
  yaw: -100.95015
  pitch: 7.500062
