lastlocation:
  world: world_hub
  x: 668.3465710639701
  y: 28.0
  z: 113.02815166527002
  yaw: 0.6890792
  pitch: 17.400002
lastAccountName: hdatahha893
timestamps:
  login: 1616846787604
  logout: 1616846792596
ipAddress: 109.201.96.222
logoutlocation:
  world: world_hub
  x: 670.5
  y: 28.0
  z: 113.5
  yaw: 90.75003
  pitch: 3.4500413
