lastlocation:
  world: world_hub
  x: 668.3465710639701
  y: 28.0
  z: 113.02815166527002
  yaw: 3.4084132
  pitch: 17.400002
lastAccountName: abdulazizatop1gg
timestamps:
  login: 1617996719550
  logout: 1617996749200
ipAddress: 213.230.112.214
logoutlocation:
  world: world_hub
  x: 670.017509730005
  y: 28.0
  z: 113.51034935612854
  yaw: 46.649918
  pitch: 22.800037
