lastlocation:
  world: world_hub
  x: 668.3465710639701
  y: 28.0
  z: 113.02815166527002
  yaw: 2.2446036
  pitch: 17.400002
lastAccountName: yzuyevzi369
timestamps:
  login: 1616843102385
  logout: 1616843112420
ipAddress: 162.247.18.162
logoutlocation:
  world: world_hub
  x: 670.5
  y: 28.0
  z: 113.5
  yaw: 90.75003
  pitch: 3.4500413
