lastlocation:
  world: world
  x: 129.5
  y: 75.0
  z: 10.5
  yaw: 4.722044
  pitch: 0.0
lastAccountName: Elias2k
timestamps:
  login: 1609609072370
  logout: 1609609085522
ipAddress: 25.84.122.64
logoutlocation:
  world: world
  x: 128.01004243969538
  y: 75.0
  z: 0.665166655410396
  yaw: -17.400047
  pitch: 38.69976
