lastlocation:
  world: world_hub
  x: 668.3465710639701
  y: 28.0
  z: 113.02815166527002
  yaw: 5.712769
  pitch: 17.400002
lastAccountName: beguthofqu
timestamps:
  login: 1616847358110
  logout: 1616847364548
ipAddress: 202.57.37.197
logoutlocation:
  world: world_hub
  x: 670.5
  y: 28.0
  z: 113.5
  yaw: 90.75003
  pitch: 3.4500413
