lastlocation:
  world: world_hub
  x: 668.3465710639701
  y: 28.0
  z: 113.02815166527002
  yaw: 1.5181563
  pitch: 17.400002
lastAccountName: wezulko
timestamps:
  login: 1616845453142
  logout: 1616845465695
ipAddress: 196.22.221.2
logoutlocation:
  world: world_hub
  x: 670.5
  y: 28.0
  z: 113.5
  yaw: 90.75003
  pitch: 3.4500413
