lastlocation:
  world: world_hub
  x: 668.3465710639701
  y: 28.0
  z: 113.02815166527002
  yaw: 3.1096337
  pitch: 17.400002
lastAccountName: lugdake
timestamps:
  login: 1616843214772
  logout: 1616843225404
ipAddress: 70.82.75.118
logoutlocation:
  world: world_hub
  x: 670.5
  y: 28.0
  z: 113.5
  yaw: 90.75003
  pitch: 3.4500413
