lastlocation:
  world: world_hub
  x: 668.3465710639701
  y: 28.0
  z: 113.02815166527002
  yaw: 2.0164115
  pitch: 17.400002
lastAccountName: ITACHI
timestamps:
  login: 1617631830498
  logout: 1617632403611
ipAddress: 91.235.185.126
logoutlocation:
  world: NetherCraft
  x: -256.5787933946341
  y: 73.0
  z: 17.622037321139327
  yaw: -0.2996687
  pitch: 9.150143
