lastlocation:
  world: world_hub
  x: 668.3465710639701
  y: 28.0
  z: 113.02815166527002
  yaw: 3.2529619
  pitch: 17.400002
lastAccountName: Egorka
timestamps:
  login: 1617720449248
  logout: 1617720739066
ipAddress: 95.29.90.215
logoutlocation:
  world: NetherCraft
  x: -274.88828639431176
  y: 65.0
  z: -100.69999998807907
  yaw: 143.99965
  pitch: -1.8000066
