lastlocation:
  world: world_hub
  x: 668.3465710639701
  y: 28.0
  z: 113.02815166527002
  yaw: 2.830188
  pitch: 17.400002
lastAccountName: Bot4
timestamps:
  login: 1618090359043
  logout: 1618090369745
ipAddress: 192.252.215.2
logoutlocation:
  world: world_hub
  x: 670.5
  y: 28.0
  z: 113.5
  yaw: 90.75003
  pitch: 3.4500413
