lastlocation:
  world: world_hub
  x: 668.3465710639701
  y: 28.0
  z: 113.02815166527002
  yaw: 1.9063172
  pitch: 17.400002
lastAccountName: yugusxu
timestamps:
  login: 1616845758294
  logout: 1616845770770
ipAddress: 37.98.231.2
logoutlocation:
  world: world_hub
  x: 670.5
  y: 28.0
  z: 113.5
  yaw: 90.75003
  pitch: 3.4500413
