lastlocation:
  world: world_hub
  x: 668.3465710639701
  y: 28.0
  z: 113.02815166527002
  yaw: 3.6645882
  pitch: 17.400002
lastAccountName: hamuciyo390
timestamps:
  login: 1616843326962
  logout: 1616843339754
ipAddress: 45.70.84.46
logoutlocation:
  world: world_hub
  x: 670.5
  y: 28.0
  z: 113.5
  yaw: 90.75003
  pitch: 3.4500413
