lastlocation:
  world: NetherCraft3
  x: 391.72682638003675
  y: 66.0
  z: -53.86029738192774
  yaw: 42.8938
  pitch: 22.049774
lastAccountName: kiriecshka
timestamps:
  login: 1617722940523
  logout: 1617723162712
  kits:
    starter: 1617607522111
    tools: 1617607528863
    food: 1617607543042
  lastteleport: 1617722959870
ipAddress: 146.158.105.234
logoutlocation:
  world: NetherCraft3
  x: 274.3129330279677
  y: 69.0
  z: -204.989096987385
  yaw: 154.04892
  pitch: 0.30022708
