lastlocation:
  world: world_hub
  x: 668.3465710639701
  y: 28.0
  z: 113.02815166527002
  yaw: 6.0285864
  pitch: 17.400002
lastAccountName: sacbeyu
timestamps:
  login: 1616850229430
  logout: 1616850235746
ipAddress: 152.169.132.194
logoutlocation:
  world: world_hub
  x: 670.5
  y: 28.0
  z: 113.5
  yaw: 90.75003
  pitch: 3.4500413
