lastlocation:
  world: world_hub
  x: 668.3465710639701
  y: 28.0
  z: 113.02815166527002
  yaw: 0.76844823
  pitch: 17.400002
lastAccountName: rxozefi
timestamps:
  login: 1616843430974
  logout: 1616843436966
ipAddress: 98.190.102.40
logoutlocation:
  world: world_hub
  x: 670.5
  y: 28.0
  z: 113.5
  yaw: 90.75003
  pitch: 3.4500413
