lastlocation:
  world: world_hub
  x: 668.3465710639701
  y: 28.0
  z: 113.02815166527002
  yaw: 2.6589818
  pitch: 17.400002
lastAccountName: pulyejti
timestamps:
  login: 1616845087576
  logout: 1616845093882
ipAddress: 124.41.211.110
logoutlocation:
  world: world_hub
  x: 670.5
  y: 28.0
  z: 113.5
  yaw: 90.75003
  pitch: 3.4500413
