lastlocation:
  world: world_hub
  x: 668.3465710639701
  y: 28.0
  z: 113.02815166527002
  yaw: 3.5100403
  pitch: 17.400002
lastAccountName: lsizuthi
timestamps:
  login: 1616848551506
  logout: 1616848557659
ipAddress: 1.179.147.5
logoutlocation:
  world: world_hub
  x: 670.5
  y: 28.0
  z: 113.5
  yaw: 90.75003
  pitch: 3.4500413
