lastlocation:
  world: world_hub
  x: 668.3465710639701
  y: 28.0
  z: 113.02815166527002
  yaw: 0.6240605
  pitch: 17.400002
lastAccountName: DenMatsui
timestamps:
  login: 1616877014522
  logout: 1616877045966
ipAddress: 77.45.142.112
logoutlocation:
  world: world_hub
  x: 670.0354014345446
  y: 28.0
  z: 113.03382174470691
  yaw: 90.54099
  pitch: 3.0359497
