lastlocation:
  world: world_hub
  x: 668.3465710639701
  y: 28.0
  z: 113.02815166527002
  yaw: 5.954918
  pitch: 17.400002
lastAccountName: Vsayawa
timestamps:
  login: 1616847443550
  logout: 1616847457403
ipAddress: 109.224.6.140
logoutlocation:
  world: world_hub
  x: 670.5
  y: 28.0
  z: 113.5
  yaw: 90.75003
  pitch: 3.4500413
