lastlocation:
  world: world_hub
  x: 668.3465710639701
  y: 28.0
  z: 113.02815166527002
  yaw: 1.595905
  pitch: 17.400002
lastAccountName: xd_deidara
timestamps:
  login: 1617095001587
  logout: 1617095060782
ipAddress: 82.147.91.222
logoutlocation:
  world: world_hub
  x: 666.2023480413477
  y: 28.0
  z: 112.92258592572162
  yaw: -155.76952
  pitch: 19.306616
