lastlocation:
  world: world_hub
  x: 668.3465710639701
  y: 28.0
  z: 113.02815166527002
  yaw: 3.8150125
  pitch: 17.400002
lastAccountName: ilya_237685456
timestamps:
  login: 1617527338724
  logout: 1617527351710
ipAddress: 95.53.13.129
logoutlocation:
  world: world_hub
  x: 670.9972953300503
  y: 28.0
  z: 113.0483648063677
  yaw: 49.051426
  pitch: 20.099905
