lastlocation:
  world: world_hub
  x: 668.3465710639701
  y: 28.0
  z: 113.02815166527002
  yaw: 1.7606211
  pitch: 17.400002
lastAccountName: Mirovoy_Rekord
timestamps:
  login: 1618225260526
  logout: 1618225265869
ipAddress: 31.200.238.207
logoutlocation:
  world: NetherCraft
  x: -256.9741079421707
  y: 73.0
  z: 17.97240117329578
  yaw: 106.80004
  pitch: -0.74997747
