lastAccountName: Vanya1590612
timestamps:
  login: 1617799504278
  kits:
    starter: 1617799638661
    tools: 1617799630085
    food: 1617799620631
  logout: 1617799690564
ipAddress: 77.222.104.112
lastlocation:
  world: world_hub
  x: 668.3465710639701
  y: 28.0
  z: 113.02815166527002
  yaw: 88.7995
  pitch: 17.400002
logoutlocation:
  world: NetherCraft
  x: -256.5787933946341
  y: 73.0
  z: 17.622037321139327
  yaw: 147.75
  pitch: 17.54998
