lastlocation:
  world: world_hub
  x: 668.3465710639701
  y: 28.0
  z: 113.02815166527002
  yaw: 2.8189888
  pitch: 17.400002
lastAccountName: kovama
timestamps:
  login: 1616845899919
  logout: 1616845905202
ipAddress: 218.59.193.14
logoutlocation:
  world: world_hub
  x: 670.5
  y: 28.0
  z: 113.5
  yaw: 90.75003
  pitch: 3.4500413
