lastlocation:
  world: world_hub
  x: 668.3465710639701
  y: 28.0
  z: 113.02815166527002
  yaw: 2.141461
  pitch: 17.400002
lastAccountName: drum
timestamps:
  login: 1618415830758
  logout: 1618415860402
ipAddress: 213.87.159.99
logoutlocation:
  world: world_hub
  x: 670.0698051660429
  y: 28.0
  z: 113.49616669038923
  yaw: 300.32834
  pitch: 16.858389
