lastlocation:
  world: world_hub
  x: 668.3465710639701
  y: 28.0
  z: 113.02815166527002
  yaw: 4.9874115
  pitch: 17.400002
lastAccountName: Rotompa
timestamps:
  login: 1616844972470
  logout: 1616844978000
ipAddress: 110.74.193.108
logoutlocation:
  world: world_hub
  x: 670.5
  y: 28.0
  z: 113.5
  yaw: 90.75003
  pitch: 3.4500413
