lastlocation:
  world: world_hub
  x: 668.3465710639701
  y: 28.0
  z: 113.02815166527002
  yaw: 3.0071135
  pitch: 17.400002
lastAccountName: Dlagivqofje798
timestamps:
  login: 1616848760566
  logout: 1616848777226
ipAddress: 121.139.218.165
logoutlocation:
  world: world_hub
  x: 670.5
  y: 28.0
  z: 113.5
  yaw: 90.75003
  pitch: 3.4500413
