lastlocation:
  world: world_hub
  x: 668.3465710639701
  y: 28.0
  z: 113.02815166527002
  yaw: 4.402769
  pitch: 17.400002
lastAccountName: GOROH
timestamps:
  login: 1617723421093
  logout: 1617723424509
ipAddress: 176.124.162.74
logoutlocation:
  world: world_hub
  x: 670.0183241260582
  y: 28.0
  z: 113.1400062341575
  yaw: 104.699974
  pitch: 10.800041
