lastlocation:
  world: world_hub
  x: 668.3465710639701
  y: 28.0
  z: 113.02815166527002
  yaw: 2.0485022
  pitch: 17.400002
lastAccountName: HeroStar78
timestamps:
  login: 1617947898500
  logout: 1617947900276
ipAddress: 37.79.42.44
logoutlocation:
  world: world_hub
  x: 670.5
  y: 28.0
  z: 113.5
  yaw: 90.75003
  pitch: 3.4500413
