lastlocation:
  world: world_hub
  x: 668.3465710639701
  y: 28.0
  z: 113.02815166527002
  yaw: 4.892655
  pitch: 17.400002
lastAccountName: VGV_18
timestamps:
  login: 1617783369167
  logout: 1617783495864
ipAddress: 46.188.122.162
logoutlocation:
  world: NetherCraft
  x: -253.03654983627627
  y: 72.875
  z: 17.669079317877898
  yaw: -257.27576
  pitch: 13.726271
