lastlocation:
  world: world_hub
  x: 668.3465710639701
  y: 28.0
  z: 113.02815166527002
  yaw: 2.1119382
  pitch: 17.400002
lastAccountName: nejoweqze
timestamps:
  login: 1616847387769
  logout: 1616847393148
ipAddress: 103.124.87.10
logoutlocation:
  world: world_hub
  x: 670.5
  y: 28.0
  z: 113.5
  yaw: 90.75003
  pitch: 3.4500413
