lastAccountName: Tsugumoshi
timestamps:
  login: 1617712390398
  logout: 1617712424312
ipAddress: 92.37.142.156
lastlocation:
  world: world_hub
  x: 668.3465710639701
  y: 28.0
  z: 113.02815166527002
  yaw: 88.7995
  pitch: 17.400002
logoutlocation:
  world: world_hub
  x: 650.480201021946
  y: 25.49520087700591
  z: 114.60587075722543
  yaw: 75.74956
  pitch: 16.499992
