lastlocation:
  world: world_hub
  x: 668.3465710639701
  y: 28.0
  z: 113.02815166527002
  yaw: 0.07995286
  pitch: 17.400002
lastAccountName: Bot10
timestamps:
  login: 1618089859096
  logout: 1618089888817
ipAddress: 5.189.67.19
logoutlocation:
  world: world_hub
  x: 670.5
  y: 28.0
  z: 113.5
  yaw: 90.75003
  pitch: 3.4500413
