lastlocation:
  world: world_hub
  x: 668.3465710639701
  y: 28.0
  z: 113.02815166527002
  yaw: 6.0240297
  pitch: 17.400002
lastAccountName: Kiwdofro
timestamps:
  login: 1616846406603
  logout: 1616846418041
ipAddress: 31.44.73.202
logoutlocation:
  world: world_hub
  x: 670.5
  y: 28.0
  z: 113.5
  yaw: 90.75003
  pitch: 3.4500413
