lastlocation:
  world: NetherCraft2
  x: -665.4463376350442
  y: 62.0
  z: -315.7574726561721
  yaw: -26.765038
  pitch: -3.2178676
lastAccountName: den_del_
timestamps:
  login: 1618143550605
  logout: 1618144148653
  kits:
    satana: 1617553185205
    starter: 1617549189927
    laraye: 1617549449980
  lastteleport: 1617551919981
ipAddress: 46.42.130.166
logoutlocation:
  world: NetherCraft2
  x: -537.2141196868735
  y: 65.0
  z: -707.150994811194
  yaw: -21.301025
  pitch: 18.08652
homes:
  home:
    world: NetherCraft2
    x: -696.8104778389206
    y: 71.0
    z: -326.5631278279911
    yaw: 300.87366
    pitch: 11.53165
