lastlocation:
  world: NetherCraft
  x: -256.5787933946341
  y: 73.0
  z: 17.622037321139327
  yaw: 315.2989
  pitch: 90.0
lastAccountName: ahton
timestamps:
  login: 1617105721151
  logout: 1617106919375
  lastteleport: 1617106818826
ipAddress: 37.215.46.37
logoutlocation:
  world: world_hub
  x: 622.4882450310222
  y: 24.0
  z: 115.95466270328026
  yaw: 243.14961
  pitch: 49.199806
