lastlocation:
  world: world_hub
  x: 668.3465710639701
  y: 28.0
  z: 113.02815166527002
  yaw: 2.2867494
  pitch: 17.400002
lastAccountName: danik228
timestamps:
  login: 1617892834017
  logout: 1617892854162
ipAddress: 95.37.28.244
logoutlocation:
  world: world_hub
  x: 725.1152171126479
  y: 31.875
  z: 90.81206394920581
  yaw: 236.84875
  pitch: 14.100015
