lastlocation:
  world: world_hub
  x: 668.3465710639701
  y: 28.0
  z: 113.02815166527002
  yaw: 1.6798832
  pitch: 17.400002
lastAccountName: bpatabpa
timestamps:
  login: 1616849092342
  logout: 1616849107449
ipAddress: 210.245.51.14
logoutlocation:
  world: world_hub
  x: 670.5
  y: 28.0
  z: 113.5
  yaw: 90.75003
  pitch: 3.4500413
