lastlocation:
  world: world_hub
  x: 668.3465710639701
  y: 28.0
  z: 113.02815166527002
  yaw: 3.9218447
  pitch: 17.400002
lastAccountName: Kqoberoku
timestamps:
  login: 1616846851919
  logout: 1616846858149
ipAddress: 210.245.51.43
logoutlocation:
  world: world_hub
  x: 670.5
  y: 28.0
  z: 113.5
  yaw: 90.75003
  pitch: 3.4500413
