lastlocation:
  world: world_hub
  x: 668.3465710639701
  y: 28.0
  z: 113.02815166527002
  yaw: 4.293284
  pitch: 17.400002
lastAccountName: vmukivmu
timestamps:
  login: 1616845520800
  logout: 1616845535258
ipAddress: 200.51.46.243
logoutlocation:
  world: world_hub
  x: 670.5
  y: 28.0
  z: 113.5
  yaw: 90.75003
  pitch: 3.4500413
