lastlocation:
  world: NetherCraft
  x: -1955.4484522955731
  y: 61.04065385703341
  z: 1063.3721793873162
  yaw: 263.4811
  pitch: -3.5999403
lastAccountName: Pinoymat377
timestamps:
  login: 1617348643640
  logout: 1617376521954
  lastteleport: 1617372256887
  kits:
    starter: 1617376137374
ipAddress: 37.144.217.40
logoutlocation:
  world: NetherCraft
  x: -2309.3526064408456
  y: 64.0
  z: 1882.450621249839
  yaw: 172.01538
  pitch: 22.050007
homes:
  home:
    world: NetherCraft
    x: -2293.3376154408256
    y: 64.0
    z: 1893.0324111889117
    yaw: 91.33207
    pitch: 6.2999773
money: '7071.36600000000022556'
