lastlocation:
  world: world_hub
  x: 668.3465710639701
  y: 28.0
  z: 113.02815166527002
  yaw: 2.8414788
  pitch: 17.400002
lastAccountName: rfubobzibo
timestamps:
  login: 1616847307089
  logout: 1616847312430
ipAddress: 185.171.63.26
logoutlocation:
  world: world_hub
  x: 670.5
  y: 28.0
  z: 113.5
  yaw: 90.75003
  pitch: 3.4500413
