lastlocation:
  world: world_hub
  x: 668.3465710639701
  y: 28.0
  z: 113.02815166527002
  yaw: 3.4580314
  pitch: 17.400002
lastAccountName: hzikunxaca
timestamps:
  login: 1616847705327
  logout: 1616847713846
ipAddress: 210.245.51.1
logoutlocation:
  world: world_hub
  x: 670.5
  y: 28.0
  z: 113.5
  yaw: 90.75003
  pitch: 3.4500413
