lastlocation:
  world: world_hub
  x: 668.3465710639701
  y: 28.0
  z: 113.02815166527002
  yaw: 3.1240804
  pitch: 17.400002
lastAccountName: Stranik123
timestamps:
  login: 1616954611230
  kits:
    starter: 1616954691146
    tools: 1616954700579
  logout: 1616954737368
ipAddress: 212.124.6.123
logoutlocation:
  world: NetherCraft2
  x: -382.1209203102655
  y: 64.0
  z: -581.5369465556989
  yaw: 281.55518
  pitch: 9.000053
