lastlocation:
  world: world_hub
  x: 668.3465710639701
  y: 28.0
  z: 113.02815166527002
  yaw: 5.7749844
  pitch: 17.400002
lastAccountName: kisuytu424
timestamps:
  login: 1616845319159
  logout: 1616845332948
ipAddress: 200.80.22.23
logoutlocation:
  world: world_hub
  x: 670.5
  y: 28.0
  z: 113.5
  yaw: 90.75003
  pitch: 3.4500413
