lastlocation:
  world: world_hub
  x: 668.3465710639701
  y: 28.0
  z: 113.02815166527002
  yaw: 0.087225564
  pitch: 17.400002
lastAccountName: helnomuvhi
timestamps:
  login: 1616846523650
  logout: 1616846534930
ipAddress: 84.1.103.14
logoutlocation:
  world: world_hub
  x: 670.5
  y: 28.0
  z: 113.5
  yaw: 90.75003
  pitch: 3.4500413
