lastlocation:
  world: world_hub
  x: 668.3465710639701
  y: 28.0
  z: 113.02815166527002
  yaw: 1.2747653
  pitch: 17.400002
lastAccountName: fevinurke
timestamps:
  login: 1616843152157
  logout: 1616843156754
ipAddress: 195.29.106.2
logoutlocation:
  world: world_hub
  x: 670.5
  y: 28.0
  z: 113.5
  yaw: 90.75003
  pitch: 3.4500413
