lastlocation:
  world: world_hub
  x: 668.3465710639701
  y: 28.0
  z: 113.02815166527002
  yaw: 4.0068836
  pitch: 17.400002
lastAccountName: tqajeqi
timestamps:
  login: 1616846498205
  logout: 1616846506406
ipAddress: 86.101.187.193
logoutlocation:
  world: world_hub
  x: 670.5
  y: 28.0
  z: 113.5
  yaw: 90.75003
  pitch: 3.4500413
