lastlocation:
  world: world_hub
  x: 668.3465710639701
  y: 28.0
  z: 113.02815166527002
  yaw: 2.9452078
  pitch: 17.400002
lastAccountName: rvt2
timestamps:
  login: 1618089634294
  logout: 1618090454007
ipAddress: 5.189.67.19
logoutlocation:
  world: world_hub
  x: 666.4910715429031
  y: 28.0
  z: 115.41003685037765
  yaw: -101.25173
  pitch: 3.2998943
