lastlocation:
  world: world_hub
  x: 668.3465710639701
  y: 28.0
  z: 113.02815166527002
  yaw: 0.6037935
  pitch: 17.400002
lastAccountName: nokfijo
timestamps:
  login: 1616850543381
  logout: 1616850553386
ipAddress: 14.232.160.197
logoutlocation:
  world: world_hub
  x: 670.5
  y: 28.0
  z: 113.5
  yaw: 90.75003
  pitch: 3.4500413
