lastlocation:
  world: world_hub
  x: 668.3465710639701
  y: 28.0
  z: 113.02815166527002
  yaw: 0.7030176
  pitch: 17.400002
lastAccountName: Xinser
timestamps:
  login: 1617636774934
  kits:
    starter: 1617636840366
    tools: 1617636844060
    food: 1617636836624
  logout: 1617636926213
ipAddress: 94.143.198.72
logoutlocation:
  world: NetherCraft
  x: -255.50995043220382
  y: 73.0
  z: 18.576388442110247
  yaw: 143.47917
  pitch: 18.450628
