lastAccountName: Liza
timestamps:
  login: 1618040701397
  logout: 1618040730954
ipAddress: 95.82.124.238
lastlocation:
  world: world_hub
  x: 668.3465710639701
  y: 28.0
  z: 113.02815166527002
  yaw: 88.7995
  pitch: 17.400002
logoutlocation:
  world: world_hub
  x: 670.070419898974
  y: 28.0
  z: 113.51617111432243
  yaw: 27.149992
  pitch: 29.55009
