lastlocation:
  world: world_hub
  x: 668.3465710639701
  y: 28.0
  z: 113.02815166527002
  yaw: 2.98547
  pitch: 17.400002
lastAccountName: Banocivu
timestamps:
  login: 1616844778451
  logout: 1616844785651
ipAddress: 113.23.237.130
logoutlocation:
  world: world_hub
  x: 670.5
  y: 28.0
  z: 113.5
  yaw: 90.75003
  pitch: 3.4500413
