lastlocation:
  world: world_hub
  x: 668.3465710639701
  y: 28.0
  z: 113.02815166527002
  yaw: 4.1584096
  pitch: 17.400002
lastAccountName: Kenkufjuba
timestamps:
  login: 1616848971746
  logout: 1616848978499
ipAddress: 74.94.194.3
logoutlocation:
  world: world_hub
  x: 670.5
  y: 28.0
  z: 113.5
  yaw: 90.75003
  pitch: 3.4500413
