lastlocation:
  world: world_hub
  x: 668.3465710639701
  y: 28.0
  z: 113.02815166527002
  yaw: 1.2945917
  pitch: 17.400002
lastAccountName: NxxYasI
timestamps:
  login: 1617392516321
  logout: 1617392622022
ipAddress: 178.72.69.96
logoutlocation:
  world: NetherCraft
  x: -285.3759532043285
  y: 70.0
  z: 186.24807803575374
  yaw: 33.615246
  pitch: 7.334919
