lastlocation:
  world: world_hub
  x: 668.3465710639701
  y: 28.0
  z: 113.02815166527002
  yaw: 2.2789018
  pitch: 17.400002
lastAccountName: Jeqefo
timestamps:
  login: 1616850107182
  logout: 1616850113846
ipAddress: 117.58.245.114
logoutlocation:
  world: world_hub
  x: 670.5
  y: 28.0
  z: 113.5
  yaw: 90.75003
  pitch: 3.4500413
