lastlocation:
  world: world_hub
  x: 668.3465710639701
  y: 28.0
  z: 113.02815166527002
  yaw: 1.8349364
  pitch: 17.400002
lastAccountName: gikuceyqi
timestamps:
  login: 1616849518434
  logout: 1616849535034
ipAddress: 117.196.235.70
logoutlocation:
  world: world_hub
  x: 670.5
  y: 28.0
  z: 113.5
  yaw: 90.75003
  pitch: 3.4500413
