lastlocation:
  world: world_hub
  x: 668.3465710639701
  y: 28.0
  z: 113.02815166527002
  yaw: 1.1542122
  pitch: 17.400002
lastAccountName: yaduzoxfo
timestamps:
  login: 1616845333363
  logout: 1616845337898
ipAddress: 46.185.51.103
logoutlocation:
  world: world_hub
  x: 670.5
  y: 28.0
  z: 113.5
  yaw: 90.75003
  pitch: 3.4500413
