lastlocation:
  world: world_hub
  x: 668.3465710639701
  y: 28.0
  z: 113.02815166527002
  yaw: 1.0028125
  pitch: 17.400002
lastAccountName: lacoro
timestamps:
  login: 1616850369834
  logout: 1616850383364
ipAddress: 154.72.201.190
logoutlocation:
  world: world_hub
  x: 670.5
  y: 28.0
  z: 113.5
  yaw: 90.75003
  pitch: 3.4500413
