lastlocation:
  world: world_hub
  x: 668.3465710639701
  y: 28.0
  z: 113.02815166527002
  yaw: 2.25717
  pitch: 17.400002
lastAccountName: dufaro
timestamps:
  login: 1616849888514
  logout: 1616849894747
ipAddress: 115.238.59.86
logoutlocation:
  world: world_hub
  x: 670.5
  y: 28.0
  z: 113.5
  yaw: 90.75003
  pitch: 3.4500413
