lastlocation:
  world: world_hub
  x: 668.3465710639701
  y: 28.0
  z: 113.02815166527002
  yaw: 3.9033194
  pitch: 17.400002
lastAccountName: mxuvumdu
timestamps:
  login: 1616850553754
  logout: 1616850567100
ipAddress: 186.211.187.50
logoutlocation:
  world: world_hub
  x: 670.5
  y: 28.0
  z: 113.5
  yaw: 90.75003
  pitch: 3.4500413
