lastlocation:
  world: world_hub
  x: 668.3465710639701
  y: 28.0
  z: 113.02815166527002
  yaw: 1.8688961
  pitch: 17.400002
lastAccountName: PraDIGG
timestamps:
  login: 1616844108923
  logout: 1616844146492
ipAddress: 194.28.65.237
logoutlocation:
  world: world_hub
  x: 606.230850771227
  y: 24.0
  z: 114.5558846803839
  yaw: -223.95023
  pitch: 12.150051
