lastlocation:
  world: NetherCraft
  x: -256.5787933946341
  y: 73.0
  z: 17.622037321139327
  yaw: 17.850002
  pitch: 76.200005
lastAccountName: Millkyns
timestamps:
  login: 1617446454076
  logout: 1617447053937
  lastteleport: 1617447000931
ipAddress: 5.138.113.255
logoutlocation:
  world: NetherCraft
  x: -781.9227025420373
  y: 64.0
  z: -353.78651653544335
  yaw: 130.7998
  pitch: 19.799995
homes:
  home:
    world: NetherCraft
    x: -786.5913365949876
    y: 64.0
    z: -342.326363712245
    yaw: 107.09773
    pitch: 54.749977
