lastlocation:
  world: world_hub
  x: 668.3465710639701
  y: 28.0
  z: 113.02815166527002
  yaw: 3.9193068
  pitch: 17.400002
lastAccountName: ripzuse
timestamps:
  login: 1616849109478
  logout: 1616849126498
ipAddress: 202.166.205.87
logoutlocation:
  world: world_hub
  x: 670.5
  y: 28.0
  z: 113.5
  yaw: 90.75003
  pitch: 3.4500413
