lastlocation:
  world: world_hub
  x: 668.3465710639701
  y: 28.0
  z: 113.02815166527002
  yaw: 0.47247767
  pitch: 17.400002
lastAccountName: szexubawli
timestamps:
  login: 1616846758779
  logout: 1616846769099
ipAddress: 213.159.251.88
logoutlocation:
  world: world_hub
  x: 670.5
  y: 28.0
  z: 113.5
  yaw: 90.75003
  pitch: 3.4500413
