lastlocation:
  world: world_hub
  x: 668.3465710639701
  y: 28.0
  z: 113.02815166527002
  yaw: 4.164991
  pitch: 17.400002
lastAccountName: viyivina368
timestamps:
  login: 1616844638766
  logout: 1616844653253
ipAddress: 184.185.2.244
logoutlocation:
  world: world_hub
  x: 670.5
  y: 28.0
  z: 113.5
  yaw: 90.75003
  pitch: 3.4500413
