lastlocation:
  world: world_hub
  x: 668.3465710639701
  y: 28.0
  z: 113.02815166527002
  yaw: 2.542027
  pitch: 17.400002
lastAccountName: hizlohi
timestamps:
  login: 1616847064729
  logout: 1616847076680
ipAddress: 109.245.214.49
logoutlocation:
  world: world_hub
  x: 670.5
  y: 28.0
  z: 113.5
  yaw: 90.75003
  pitch: 3.4500413
