lastAccountName: asya_612
timestamps:
  login: 1617468331915
  logout: 1617469741612
  kits:
    starter: 1617468431031
    tools: 1617468436856
    food: 1617468423125
  lastteleport: 1617468635158
ipAddress: 176.59.45.252
lastlocation:
  world: NetherCraft
  x: -256.5840081503833
  y: 72.0
  z: 46.25490642876872
  yaw: -4.1999526
  pitch: 2.3999922
logoutlocation:
  world: NetherCraft
  x: -272.8186631863102
  y: 72.0
  z: 18.369011122622048
  yaw: -79.499985
  pitch: -5.3999963
money: '83.8660000000000025'
