lastlocation:
  world: NetherCraft
  x: -958.423446288808
  y: 28.0
  z: 415.4348077352852
  yaw: 163.77118
  pitch: 16.49974
lastAccountName: wartrah
timestamps:
  login: 1617653190467
  logout: 1617654423120
  kits:
    starter: 1617648839149
    tools: 1617648826995
    food: 1617648833433
  lastteleport: 1617652751928
ipAddress: 94.243.220.86
logoutlocation:
  world: NetherCraft
  x: -548.3000000119209
  y: 64.0
  z: 182.0449202197359
  yaw: -94.07913
  pitch: 16.350016
money: '1273.0'
