spawn:
  world: hub
  x: 23.518626339849256
  y: 66.0
  z: -0.552613447935253
  yaw: -359.96866
  pitch: -0.30004668
firstspawn:
  world: hub
  x: 23.52834314890214
  y: 66.0
  z: -0.46949494852324664
  yaw: -359.36914
  pitch: -0.30001855
