spawns: 
  default: 
    world: world_hub
    x: 670.9405442367898
    y: 28.0
    z: 113.42966121376648
    yaw: 90.75003
    pitch: 3.4500413
