world: world_hub
x: 605.4912492680384
y: 24.0
z: 115.1655803368125
yaw: 275.24936
pitch: 0.7500012
name: HUB
lastowner: b5e20ef4-e04f-3988-9cbd-890969bf6aa4
