world: world_hub
x: 688.6530535580415
y: 166.0
z: 315.6552710472987
yaw: 270.31992
pitch: 21.750809
name: Island
lastowner: b5e20ef4-e04f-3988-9cbd-890969bf6aa4
