lastAccountName: WhiteOG
timestamps:
  login: 1624624131505
  logout: 1624624165923
ipAddress: 25.107.68.124
logoutlocation:
  world: world
  x: 12.536214381221582
  y: 71.1212968405392
  z: 34.699999988079064
  yaw: 9.109057
  pitch: 8.271206
money: '266.31'
