lastAccountName: Test
timestamps:
  login: 1624377314169
  logout: 1624377343221
ipAddress: 25.84.122.64
logoutlocation:
  world: world
  x: 0.5
  y: 78.0
  z: -29.5
  yaw: 13.355841
  pitch: 8.550002
