lastAccountName: Zytia
timestamps:
  login: 1624389685403
  logout: 1624389701352
  lastteleport: 1623862239897
ipAddress: 25.84.122.64
lastlocation:
  world: world
  x: 1383.9997309583657
  y: 73.0
  z: 1348.9031385226563
  yaw: 146.4232
  pitch: 25.049353
logoutlocation:
  world: world
  x: 12.890260895023328
  y: 71.0
  z: 34.69999998807907
  yaw: -13.500045
  pitch: 27.299961
money: '12506.7100000000000'
