lastAccountName: Zytia
timestamps:
  login: 1625302941167
  logout: 1625303205305
  lastteleport: 1623862239897
ipAddress: 25.84.122.64
lastlocation:
  world: world
  x: 0.5174587581222432
  y: 78.0
  z: -29.40170257556172
  yaw: -359.60297
  pitch: -1.3500416
logoutlocation:
  world: world
  x: 0.4643507076545111
  y: 71.0
  z: -1.5425290764315192
  yaw: -359.29468
  pitch: 15.667339
money: '13484.7500000000000'
afk: false
