lastAccountName: Test1
timestamps:
  login: 1624377378538
  logout: 1624377485340
ipAddress: 25.84.122.64
logoutlocation:
  world: world
  x: 11.848283685507592
  y: 71.0
  z: 34.69999998807907
  yaw: -8.143219
  pitch: 12.399082
