lastAccountName: Zytia
timestamps:
  login: 1623960125125
  logout: 1623961085779
ipAddress: 25.84.122.64
lastlocation:
  world: world
  x: 1.1637318895584103
  y: 71.0
  z: -1.259972493560888
  yaw: -87.86792
  pitch: 27.84029
