lastAccountName: ExoManic
timestamps:
  login: 1624620170843
  logout: 1624620182860
ipAddress: 25.63.182.29
logoutlocation:
  world: world
  x: 12.160792895301178
  y: 71.0
  z: 34.69999998807907
  yaw: -359.1516
  pitch: 8.2500105
money: '308.81'
